0.0	0.0	0.0	0.0	0.0	0.0	0.0	0.0	0.0	0.0	0.0	0.0	0.0	0.0	0.0	0.0	0.0	0.0	0.0	0.0	0.0	
0.3333333333333333	0.3333333333333333	0.0	0.0	0.0	0.3333333333333333	0.3333333333333333	0.0	0.0	0.0	0.0	0.0	0.3333333333333333	0.0	0.3099654278182973	0.0	0.0	0.0	0.0	1.0	0.0	
0.6666666666666666	0.5555555555555556	0.0	0.16666666666666666	0.0	0.38888888888888884	0.5555555555555556	0.0	0.0	0.2447311406503798	0.061896355665452006	0.0	0.38888888888888884	0.0	0.5166090463638288	0.0	0.0	0.0	0.14419982094926442	1.0	0.0	
1.0	0.7037037037037037	0.0	0.4112306092506325	0.01598727988775345	0.29247309445307107	0.7037037037037037	0.0	0.0	0.4402022251670076	0.2917719813848059	0.0014985869205469229	0.29247309445307107	0.11531872776145946	0.6543714587275165	0.0	0.004887990175151768	0.03321383519381187	0.38432192695430045	1.0	0.0	
1.3333333333333333	0.8016404331689494	1.2631366123436863E-4	0.5972684858246838	0.03629177653268155	0.2052006499777852	0.8024691358024691	5.09760239736626E-5	0.0	0.5043504233036137	0.5095821567074439	0.023732778212241373	0.2052006499777852	0.36844565825404085	0.7321962193347994	2.293338141732367E-4	0.12993547781181075	0.25500392112944176	0.57436856706236	1.0	0.0	
1.6666666666666665	0.8654968021416435	2.6330758845296095E-4	0.7270490464166439	0.03829322410088223	0.1412154293038106	0.8683127572016461	9.654536152949183E-4	2.290964175053433E-6	0.4509773655994693	0.665980291566196	0.13735132610181108	0.1412154293038106	0.5629701890804805	0.6096879159500059	0.01915349918257645	0.3722550071966426	0.47945712908943383	0.7081513578724907	1.0	0.0	
1.9999999999999998	0.9078985967561116	2.953601143660609E-4	0.8156540726301127	0.032596826883452265	0.09642692321282587	0.9122084018850335	0.011761297604476938	4.527018840281742E-5	0.35073033032524387	0.7704259193390384	0.337385235824297	0.09642692321282587	0.696524504132926	0.4339881139866454	0.21460766082953925	0.5676658221977785	0.644526007627962	0.7837922955216581	1.0	0.0	
2.333333333333333	0.9366337306200055	2.6295210642226575E-4	0.8756944300814467	0.026101300921974394	0.06558824960961016	0.9414702334937384	0.08283240192815283	6.170416917242186E-4	0.2554698558186359	0.8375624023526965	0.5259712250588651	0.06558824960961016	0.7850423250145764	0.30002302159644667	0.44609766335751044	0.7059130570953192	0.759109747732097	0.770728964924981	1.0	0.0	
2.6666666666666665	0.9562727866501857	2.1001213845457239E-4	0.9162466591474762	0.02259754522190734	0.0445139197858115	0.96095228498848	0.23622898558836103	0.008345166930907954	0.1805359050085965	0.8794849927529097	0.6701242197056895	0.0445139197858115	0.8423365000832727	0.20525127111701236	0.620642966333908	0.8007814696683228	0.8373082516356014	0.6484166596901646	1.0	0.0	
3.0	0.9696048684973546	1.5986117323835874E-4	0.9435912784503687	0.029442828251188245	0.03017011118041269	0.9735643612198878	0.40344945705517343	0.08282338594411928	0.12568096016174235	0.9047841224990916	0.7730115115105901	0.03017011118041269	0.8786110351553964	0.13967079000201404	0.7425871893679944	0.8651809759896493	0.8903121123825498	0.4870516212907906	1.0	0.0	
3.3333333333333335	0.9780118854717441	1.2384896845275785E-4	0.9620115668379018	0.07176785994957074	0.02043503953541921	0.9744439554674145	0.5449084579218666	0.28237447349204103	0.0867881286145572	0.9194121658418514	0.8445133877225374	0.02043503953541921	0.9010551156748294	0.09476447219591527	0.826013311252206	0.9086703166014654	0.9261201093126858	0.3469339240641248	1.0	0.0	
3.666666666666667	0.9791329564416025	1.2183525256497298E-4	0.9744043528005735	0.19389292874666564	0.013933446141577342	0.86520272262742	0.6536619182597206	0.48545576680810043	0.05965082446424447	0.9273998620633042	0.8935944616589953	0.013933446141577342	0.9145922206635418	0.06418465712430585	0.8826277141674852	0.9379457419781526	0.9502675828837976	0.24141326617254338	1.0	0.0	
4.0	0.9384130601407442	6.744335609236981E-4	0.9826806544606544	0.3760671832727607	0.011652991815959756	0.6343749206297892	0.7338001183168686	0.6417051304395144	0.040890550062736855	0.9313985523427915	0.9270565229813144	0.011652991815959756	0.9225137598359496	0.04342596466863338	0.9208989780961332	0.9576062062327511	0.9665344502999719	0.16611914098466204	1.0	0.0	
4.333333333333333	0.7536262508402785	0.005747473813431745	0.9875755211455333	0.5490657179679692	0.025563206221285495	0.4397048674971036	0.79157891847752	0.7531490816870361	0.028172567730899892	0.9330949050104564	0.9496251212979923	0.025563206221285495	0.9269686201146281	0.029360689779448376	0.9466868641238577	0.9707823488465124	0.977484731584919	0.1136380946271997	1.0	0.0	
4.666666666666666	0.537378312323178	0.034043593382758586	0.9840443693868838	0.6841743568129566	0.09863492469604053	0.2999319274413942	0.8327008236772893	0.8305617353886336	0.02117732076437279	0.9334810421229326	0.9635500727496535	0.09863492469604053	0.9292982714359214	0.01984185011193823	0.9637898284422688	0.9795952639571132	0.9848449979438046	0.07747732156594206	1.0	0.0	
4.999999999999999	0.37021404581374473	0.1382659687768184	0.9315138577180972	0.7817401753180253	0.264580367821392	0.20334177275212978	0.8616008449256598	0.8837243922988666	0.036819114653749936	0.9326285032856547	0.9607071260854563	0.264580367821392	0.9299563691940815	0.01340488982027211	0.9733473514925564	0.9854770580982951	0.9897086794068046	0.05271656557548893	1.0	0.0	
5.333333333333332	0.25212367117638323	0.3237059149487349	0.7157781287213756	0.8484377738377967	0.4561838440347046	0.1374681029555096	0.8805713528217236	0.9200232949825764	0.20727118322664176	0.926211614409085	0.8573359612510474	0.4561838440347046	0.9269281686153594	0.009055233543297563	0.9592215992585041	0.9893838435252562	0.9921859663580729	0.03582321994683558	1.0	0.0	
5.666666666666665	0.1709117741094653	0.5097265303200619	0.49184818134200703	0.8812293067497968	0.6159839647019483	0.09280196552347136	0.8795906989325976	0.9447013527608386	0.43872547034596016	0.8809113261654146	0.6356732118235185	0.6159839647019483	0.9198419877917401	0.006126017128183768	0.8130557308307325	0.9918773817814784	0.9855278454255099	0.02432313377356473	1.0	0.0	
5.999999999999998	0.11590647427368167	0.6556293034056911	0.3314117795326028	0.849618256743723	0.7342508685312623	0.06260510325868372	0.8193618204479959	0.9611300858383313	0.6158200724647701	0.7527986443017805	0.44136659323565564	0.7342508685312623	0.9160291341793662	0.004247914299670663	0.5891245453382652	0.9926121218002579	0.9355666699984465	0.016506036760978893	1.0	0.0	
6.333333333333331	0.0800658014915128	0.7581783162651798	0.22215075633268672	0.7176376455886677	0.8178574816047047	0.04222837424894052	0.6790148571841533	0.9703136253518345	0.7395903858624964	0.5759972674188907	0.3002648597722336	0.8178574816047047	0.9154033618468711	0.0036355294895033625	0.4076517161608063	0.9882592744294884	0.7885493185824384	0.01120219283936192	1.0	0.0	
6.666666666666664	0.06250035726364425	0.8193476359079529	0.14860779974634825	0.5406100875864805	0.8757902365755781	0.028517090271385666	0.5102500507314626	0.9677416783891223	0.8241717014920289	0.4143309019879751	0.20258506922894837	0.8757902365755781	0.9165478326991404	0.006462843300571809	0.27821080344458093	0.9639158449820757	0.5921902181381187	0.007636805624672888	1.0	0.0	
6.999999999999997	0.07904039140569682	0.8264268830568496	0.09934996016873204	0.38494461091141474	0.915537090351276	0.0194110314073343	0.36417831601161205	0.9310414086792695	0.8815045529338136	0.290194151193157	0.13611795660465464	0.915537090351276	0.9184361408779484	0.02061929381377744	0.18914028814972395	0.8776793597979778	0.42031522867910676	0.005398721184813093	1.0	0.0	
7.33333333333333	0.1733380066328129	0.746659860198839	0.06656850132304665	0.26744941287493207	0.9426535610848148	0.01390191654243638	0.2537204472583345	0.8157362514175086	0.9202240571777972	0.20218452343048027	0.09123735688548651	0.9426535610848148	0.9204856161359315	0.06480743781460724	0.12927787813945887	0.7102901682337461	0.291276102410971	0.004713726549473845	1.0	0.0	
7.666666666666663	0.34493822719532313	0.5934853640998825	0.04557641826792855	0.18370015110958637	0.9610618671400837	0.013172516501234471	0.17468021776373666	0.6356146958557809	0.946322892546096	0.14504048428877006	0.061059208834048015	0.9610618671400837	0.9224163860495973	0.15807206865902002	0.09135106639283536	0.5263218865771913	0.19967280872762894	0.00839982995261039	1.0	0.0	
7.9999999999999964	0.5214488425121053	0.43449652623365737	0.036342968381239925	0.12548665535686201	0.9733755645628327	0.02640195072597521	0.11950418673480978	0.46084523007678646	0.9638954125392932	0.12097352805295018	0.040821970808345875	0.9733755645628327	0.9241778569420857	0.29071908126387647	0.07136515516292374	0.3750507690756025	0.13621113045649774	0.034972517237522316	1.0	0.0	
8.33333333333333	0.663306468790257	0.30527894453815396	0.052815918908769355	0.08571853379413623	0.9807461433281324	0.08716981168896237	0.08145886324796464	0.3231822255889565	0.9757180211650331	0.1505649423244942	0.027281002343381627	0.9807461433281324	0.9261051612119648	0.43162598683393094	0.06379848123660552	0.26639366798161607	0.09307516470463328	0.14898635695254658	1.0	0.0	
8.666666666666664	0.767107024466091	0.2096173558626398	0.14097396253402772	0.05960386609322388	0.9784759244157948	0.23448894138599793	0.05540146849969242	0.22315921888368312	0.9836612034377091	0.2581989178547394	0.018245200290569655	0.9784759244157948	0.9297584245374105	0.5573186738271535	0.060366569668072384	0.2038821664288949	0.06588552040976092	0.34602584422135596	1.0	0.0	
8.999999999999998	0.8401296858156095	0.1419959696337681	0.3154406349456229	0.04487178623216894	0.9097688567797905	0.4224268172332184	0.03762548761950826	0.15289317130504065	0.98893796133758	0.4275576779973128	0.012265997592305022	0.9097688567797905	0.9384687586621787	0.6577736787496403	0.05759230474160859	0.23161379788922917	0.06661580064492331	0.5312629061211365	1.0	0.0	
9.333333333333332	0.8903914517171095	0.09559865687278296	0.500395852776986	0.037254527944028906	0.6991877325053419	0.5877338848752472	0.025530766982579	0.1043043545910751	0.9917803146573706	0.59248596559914	0.008910471725102335	0.6991877325053419	0.9512468347662073	0.7239584117460167	0.07062646125234606	0.39847842474121	0.19390348530043863	0.6727350559488073	1.0	0.0	
9.666666666666666	0.9245834797069861	0.06419236141134121	0.6493858656656879	0.030766447563539936	0.4918760540742938	0.713004935294619	0.01733837309974494	0.07097933116339214	0.9889862170416316	0.718052403046565	0.011969353709089272	0.4918760540742938	0.9635689331101505	0.6691929468138177	0.18894978909936005	0.5741853469969447	0.41134732601637364	0.7731606182956791	1.0	0.0	
10.0	0.947898153712379	0.04303100009585757	0.7581130451191899	0.0243705156434099	0.3373920747487872	0.8025743675396659	0.011994378888924347	0.048229334722094425	0.967796199150973	0.8046820566017764	0.04087248578169833	0.3373920747487872	0.973516016339366	0.5005342742418467	0.39552518769786327	0.7070312907241956	0.5917710869102433	0.8352867969130795	1.0	0.0	
10.333333333333334	0.9639024004358121	0.02880744472464255	0.8344910464904796	0.018851028376627568	0.22933880799241546	0.8650256828170065	0.009788458089640389	0.032752637707593714	0.8927968940417587	0.8606951645459539	0.14611949518145012	0.22933880799241546	0.9808831138695787	0.35155879721444827	0.57592460203942	0.800360992731741	0.721331650137595	0.838991559720298	1.0	0.0	
10.666666666666668	0.9749321435339997	0.019265916300514253	0.8872469881099883	0.015280615539342979	0.15526121210647564	0.9080395745460523	0.019001674953066407	0.022314932532818896	0.7380958358726135	0.8953519199019915	0.32823278423378044	0.15526121210647564	0.9858047382177006	0.2418776047597836	0.7085610462629048	0.8644232915236529	0.810962457733921	0.7430210172868918	1.0	0.0	
11.000000000000002	0.9825010615867203	0.012876764008402354	0.9233799288193574	0.016792293864926183	0.10489262092919213	0.9374680974198298	0.08315078971787102	0.01588880591727329	0.5542135741066485	0.9157693559617132	0.5107779148276749	0.10489262092919213	0.98821404580882	0.16499425258125272	0.8014102295306111	0.907968402389856	0.8721488498296799	0.5771683819135367	1.0	0.0	
11.333333333333336	0.9874572548910499	0.0086085799269786	0.9480119733461896	0.03637530973088951	0.07078181876736378	0.9574891990141828	0.22812364391722473	0.018580160851555623	0.3953433585948783	0.9270550139119288	0.6557191549679051	0.07078181876736378	0.9879947527140232	0.11207718500229841	0.865235232845952	0.9374098919259939	0.9136702940468419	0.4172189612127455	1.0	0.0	
11.66666666666667	0.9893677337908833	0.005773552999935925	0.9647537683380464	0.11301201245746886	0.04773179599976636	0.9706735067291576	0.39280679078978964	0.08333870577466143	0.27531940410270284	0.9327262990071538	0.7612829409247218	0.04773179599976636	0.9852623393214196	0.07595674787297979	0.9087489349239181	0.9572429257840676	0.9417612334613322	0.2921482243987098	1.0	0.0	
12.000000000000004	0.9786741322612649	0.00391793480520827	0.9760930774731282	0.27370950993659293	0.032181212422457375	0.9724295029428175	0.5349954561427241	0.27454883644319183	0.1894937114580747	0.9351093796182696	0.8355222576221089	0.032181212422457375	0.9804620321207175	0.05140742651204769	0.9382877512518822	0.9705627456378504	0.9607334012376563	0.2015948206700071	1.0	0.0	
12.333333333333337	0.8761015948750481	0.0027509675178203083	0.9836062522280772	0.4596014190882637	0.021790761312267294	0.8711631663996112	0.6454705742098504	0.47730073545125273	0.12961417728472682	0.9356795380736264	0.8868918885299788	0.021790761312267294	0.9742976415717863	0.034763147701007954	0.9582891503750982	0.9794826898278431	0.973533662298266	0.13808146171729518	1.0	0.0	
12.666666666666671	0.6542982999925218	0.0030487990515173902	0.9867569314260692	0.6166220100926377	0.016737943976553257	0.6420962888822384	0.7273893126824664	0.635240533839034	0.08835424223452376	0.9353224001120558	0.9221293916084823	0.016737943976553257	0.9675364521142535	0.023495045477728384	0.9718088855186695	0.9854388162431531	0.9821623695270721	0.0941922692444438	1.0	0.0	
13.000000000000005	0.45668380750343096	0.011364084771361659	0.9751699276520265	0.7337346469892767	0.02789478658034757	0.44573688271742395	0.7867026440201969	0.7484052350068298	0.06030210620585419	0.9344050474505027	0.94603201974828	0.02789478658034757	0.9607240788248312	0.01587368368267551	0.9808849682265196	0.9894036224241165	0.9879534985963447	0.06409849076886691	1.0	0.0	
13.33333333333334	0.31244787359789805	0.05512024195586185	0.903171445534147	0.8164768230637542	0.0965889467956603	0.3042301152029325	0.8290521951835463	0.8271833286299772	0.042895531329614524	0.9320915320037791	0.9609692555449035	0.0965889467956603	0.9533772686146084	0.010722249466429265	0.9865419038380095	0.992031495496445	0.9916683954966624	0.04355429766186888	1.0	0.0	
13.666666666666673	0.2121760298373666	0.18622041201909542	0.7092651996081742	0.8717527377228029	0.25906980594236295	0.20632052935259093	0.8588997108416258	0.8813514323075773	0.05032264727047494	0.9221350116211063	0.9594180245867362	0.25906980594236295	0.9401725109547602	0.007243870070374338	0.9867120357155083	0.9937443521736697	0.9929624607596598	0.02956624020172393	1.0	0.0	
14.000000000000007	0.14364662402908246	0.3771594039969176	0.4939760386462534	0.8978009178750072	0.4505720007930092	0.13950943175900904	0.8786351191848107	0.9183680996494683	0.21029534951441792	0.8757714593427476	0.8590478259605734	0.4505720007930092	0.8994870945363632	0.004909775224407643	0.9470489542227368	0.9947115054906154	0.9855407589437235	0.020057923466762932	1.0	0.0	
14.333333333333341	0.09735928583158696	0.551619436808496	0.3340008155094346	0.8647306614150791	0.6115382186352952	0.09419339236258426	0.8785784668557373	0.9435517290416533	0.4392600058918534	0.7498864523990777	0.6339476922640683	0.6115382186352952	0.8569622911104211	0.0034411882019708	0.7575062303824904	0.9943779739811657	0.9364749059410159	0.013602349679055888	1.0	0.0	
14.666666666666675	0.0672826178809092	0.6816177965525175	0.22416515839921336	0.7324501559518732	0.7310147559500565	0.06355085311917963	0.8179937028523904	0.960339455820413	0.6158549017933488	0.5749442098518645	0.43743114143039774	0.7310147559500565	0.8473087507354402	0.003119482830526254	0.539002448817211	0.9892672645934398	0.7916172047766674	0.00922761722285216	1.0	0.0	
15.000000000000009	0.0529324572036304	0.7630474902199806	0.15004792237431092	0.552623997451347	0.8155805777554728	0.04287012732895089	0.6757998379157958	0.9697373147319865	0.7395101978829053	0.4140714948764769	0.2962934134483046	0.8155805777554728	0.8544788375580733	0.00624804810447393	0.3714039873732775	0.9643514562752656	0.5957218892279385	0.006295815330301142	1.0	0.0	
15.333333333333343	0.0692803297368671	0.7843207393913693	0.10035660753445763	0.39366241843594507	0.8742133048401236	0.02895267551392968	0.5063862968095133	0.9670321776670565	0.8240744622723153	0.290235219947702	0.1993446882530101	0.8742133048401236	0.8671093122911148	0.021230031163284778	0.2536502979609036	0.8777864869137517	0.42323073637851916	0.004493936950389964	1.0	0.0	
15.666666666666677	0.15985825424010008	0.7172852025851929	0.06728483402616861	0.27351168543569004	0.914453798822797	0.019711117165567473	0.36079747227652326	0.9291109233353132	0.8814177603330782	0.2024189923027948	0.13368630864887215	0.914453798822797	0.880132303088084	0.06777695202697247	0.173742635239527	0.7104007501794033	0.29343447275028567	0.004149929093161465	1.0	0.0	
16.00000000000001	0.3304068429430111	0.5756353777157334	0.04614151194693876	0.18784626677104627	0.9419124517435871	0.014135222883026734	0.25111209900762327	0.8114506891596943	0.9201539453871524	0.14572599225193497	0.08948846800213464	0.9419124517435871	0.8916348639765197	0.16454078324334276	0.12227359094302304	0.5265452718910897	0.20120759754723738	0.00841769542965558	1.0	0.0	
16.333333333333343	0.50945004122523	0.42449280811751156	0.03695706974722229	0.12830364958194948	0.9605544122210209	0.013487792719405737	0.1727750551605658	0.6305171491033671	0.9462688419862846	0.12325611596402036	0.059836464593451016	0.9605544122210209	0.9011728470215766	0.29942472510442686	0.0932439681048166	0.3754554256050726	0.13728907123053813	0.03784423856686965	1.0	0.0	
16.666666666666675	0.6544591238745201	0.30035370642769976	0.05393039264940036	0.08762583396046106	0.9730193898601428	0.0273396253313807	0.11814947417545613	0.45649513989595913	0.963854806660321	0.15666159624293854	0.03999234359985303	0.9730193898601428	0.9092038647403423	0.44049057306498096	0.07937174607697522	0.26731174488480136	0.09384514427440727	0.15925049884771417	1.0	0.0	
17.000000000000007	0.7608692307534628	0.2081265979267899	0.1425778734384679	0.060871238859429425	0.9804418928212528	0.09013476010393207	0.0805099688434893	0.3199127771844722	0.9756879265802445	0.26795485409590236	0.02674630302057323	0.9804418928212528	0.9176238268672349	0.5650749588340074	0.07133440147243966	0.20698178312766172	0.06652027044219935	0.3583843113042433	1.0	0.0	
17.33333333333334	0.8358177517586797	0.1423198408235561	0.31586160745495795	0.045560732597248486	0.9777304153425834	0.23961372972268988	0.054743694469394685	0.22082370496554288	0.9836386462786947	0.4369841762429848	0.017926577064560002	0.9777304153425834	0.9300336872544778	0.6639940279367146	0.06555837165352933	0.24240024069457172	0.0676136270989281	0.5414497154037499	1.0	0.0	
17.66666666666667	0.8874507559242104	0.09645982976661632	0.4997353495090405	0.037348098563014874	0.9051763550771641	0.4275541328315844	0.037173507451487287	0.15126258856966818	0.9889167394704934	0.5994212951703413	0.012110186035306607	0.9051763550771641	0.9454886569368236	0.7285750604822424	0.07929364752029855	0.41167164000488843	0.1949753973422784	0.6802411628630287	1.0	0.0	
18.000000000000004	0.9226151084904164	0.06505675475986597	0.6484343673599773	0.030540216769008675	0.6927173323000869	0.5918065243853874	0.02522332496260845	0.10317904334923958	0.9917121954875844	0.7228196405150794	0.009086014046732628	0.6927173323000869	0.9596781423186207	0.6729939929910619	0.20321117250134252	0.5843058606234119	0.4117969947470315	0.7784875137023698	1.0	0.0	
18.333333333333336	0.9466030617433486	0.04373945492396042	0.7572339862007472	0.02405674809672942	0.48674557226311976	0.7159727830290928	0.017140039749866276	0.07020775860448414	0.9886782007332747	0.8079341133807083	0.013925484353492557	0.48674557226311976	0.9709389340045691	0.5037698997552723	0.4081683883809616	0.7141264701360535	0.5919508752936707	0.8392417783323654	1.0	0.0	
18.666666666666668	0.9630603913681288	0.029341179703215307	0.8337830290911594	0.01854355022463386	0.33374513786296667	0.8046619622167621	0.011939743666562485	0.047702934143632636	0.9665938156996118	0.8629389076854027	0.05042718950724654	0.33374513786296667	0.9793097622951291	0.3538523596194145	0.5850744078362893	0.8052186492572541	0.7214027274421406	0.8429061876429652	1.0	0.0	
19.0	0.97438990390941	0.01965105365087276	0.8867099271971932	0.014971941004347249	0.22682409010505328	0.8664701324551001	0.010312012644350136	0.03239867873591778	0.8894219994120104	0.8969145155521051	0.16920910297305417	0.22682409010505328	0.9852474608918497	0.24343414448112222	0.7148633939627299	0.8677219180818452	0.8109869408438095	0.7477239175572795	1.0	0.0	
19.333333333333332	0.9821576123285715	0.01314860587654711	0.9229850215794203	0.016335623171513866	0.1535469890663937	0.9090302416561954	0.023454758491963414	0.02210700652644825	0.7329079340613278	0.9168646109232141	0.3548399869221511	0.1535469890663937	0.9890532448446758	0.16603902932340153	0.8056843438582305	0.9102009244165986	0.8721529731982282	0.5815833171818172	1.0	0.0	
19.666666666666664	0.9872556465991077	0.008800404913846777	0.9477267955859787	0.035212190043764885	0.10373023741976647	0.9381422464236141	0.09957360833097473	0.016038936811667206	0.5492044150566945	0.9278253146443967	0.5325706554600305	0.10373023741976647	0.990667569433949	0.11277599377450992	0.8681160222888842	0.9389188230453659	0.9136659385057546	0.4206441416109983	1.0	0.0	
19.999999999999996	0.9893292518337686	0.005916229883393234	0.9645502012759513	0.11001110494326587	0.06999583569641366	0.9579297292765551	0.25093234583705426	0.021806024347484427	0.39139442502326316	0.9332684796396102	0.6715708139739857	0.06999583569641366	0.9899186915111196	0.07642352260576982	0.9106848348351102	0.9582623693354377	0.9417539353651252	0.29460740986236106	1.0	0.0	
20.33333333333333	0.9793943550549656	0.004041854104666139	0.9759494121441683	0.2693026604394141	0.04720141948525146	0.9707616577846911	0.41376260556598216	0.10393386601560652	0.2724453349715041	0.9354905708178327	0.7723086799112312	0.04720141948525146	0.9868396595658309	0.05171903317299294	0.9395861115606332	0.9712515425795454	0.9607257071498654	0.20330585262479767	1.0	0.0	
20.66666666666666	0.8806242069314145	0.002840451951220512	0.983513750523236	0.4555004931767145	0.031826447664243286	0.9684404142105311	0.5516189139118626	0.3039561802941406	0.18747203690135794	0.9359469659594616	0.8430400192524462	0.031826447664243286	0.9817965481362044	0.034971116936759084	0.9591577980410548	0.9799482409369348	0.9735266700637624	0.1392551615699109	1.0	0.0	
20.999999999999993	0.6595357765779849	0.002130557890649851	0.9868015715055302	0.6134549960581647	0.02160776210558115	0.8405686673299557	0.6578803888936354	0.5017078337601563	0.12821534252140163	0.9355101833734643	0.8919631966714653	0.02160776210558115	0.9754313388201898	0.02363383408352291	0.972389560667364	0.9857536264265163	0.9821565619762611	0.09499163093008339	1.0	0.0	
21.333333333333325	0.4606960759899489	0.0035012979258125226	0.9760847917909761	0.7314596862072349	0.017471717144914935	0.6111116787132275	0.7363837647153278	0.6530442310104179	0.08740079120812363	0.9345458400407292	0.9255220111613568	0.017471717144914935	0.9683925097119599	0.01596630338671632	0.9813221445159037	0.9896166232980882	0.9879501693728862	0.06464075590718768	1.0	0.0	
21.666666666666657	0.3152744869371259	0.016708652429933985	0.9118858714169217	0.8149170178376662	0.03304701414356205	0.4227484171654581	0.7931150978564424	0.760877689451858	0.05974174774846956	0.9322781016280288	0.9482176270918339	0.03304701414356205	0.9605184354351561	0.01078404663617398	0.9872579102358573	0.9921758547815773	0.9916780669958081	0.043921295774289826	1.0	0.0	
21.99999999999999	0.21411773226801212	0.07807627565849544	0.7442197310718737	0.871005996231379	0.11448970928157179	0.2881966167179555	0.8335698496652275	0.8357806062621702	0.043239132548608644	0.9233618791111261	0.9618517984892884	0.11448970928157179	0.9476348858880681	0.007284966087511734	0.9905133914582882	0.9938437626231463	0.9931421815994086	0.029814256530716968	1.0	0.0	
22.33333333333332	0.1449598884605104	0.2309119974679409	0.534738670529565	0.9008335060028319	0.2863912861085067	0.1953482914655233	0.8620037020519248	0.8872319427274206	0.06010722581868959	0.8862414956749382	0.9540896134720439	0.2863912861085067	0.9109836637960402	0.004935124907693232	0.9862725177207017	0.9947999115793412	0.9881035511660349	0.02022536522552655	1.0	0.0	
22.666666666666654	0.09817122618654178	0.42164235826805774	0.3649551099877051	0.8836169788200943	0.47571106788446293	0.1320586574583493	0.8801365256408253	0.9223724696165718	0.24514203101403215	0.7791390841305796	0.820633590286511	0.47571106788446293	0.8227901473927872	0.0034282026434666905	0.9168008761902225	0.9946842787686828	0.9529247414478079	0.013715219490159691	1.0	0.0	
22.999999999999986	0.06735689845051791	0.5827816921343456	0.2456887704922543	0.7728157823625027	0.6307904398037995	0.08915287044818795	0.8728052195335628	0.9462571539791683	0.4686062349217485	0.6105852662301442	0.5892369292663289	0.6307904398037995	0.7707992504267407	0.0028868274541176114	0.7036654378824233	0.9910193879690566	0.8310094945102483	0.0093022439545445	1.0	0.0	
23.333333333333318	0.0506488652889817	0.6930821459566153	0.16467675256741304	0.5955599315887189	0.7448116465307485	0.06014804059925333	0.7947559542634184	0.9620018329974812	0.6367387597832784	0.4445859306448946	0.40277514378238277	0.7448116465307485	0.7742229652025233	0.0050234405540750095	0.4955763918876759	0.9725242900929123	0.6389775597933872	0.006334545685440646	1.0	0.0	
23.66666666666665	0.05796993767034605	0.741746702194733	0.11021291474646785	0.4282456873164664	0.8252005940094144	0.0405779878573929	0.6401990137718413	0.9699335699560766	0.7538592671791329	0.3130667577302001	0.2717646968768388	0.8252005940094144	0.7983633243852586	0.016810039325116048	0.34119771324131487	0.903014056978992	0.45827962939162603	0.004459004341509287	1.0	0.0	
23.999999999999982	0.1274610734423834	0.704840830407823	0.07387109428628974	0.2987747839273228	0.8808346176577709	0.02742194036445305	0.4726844085161147	0.9629653757949376	0.8338216674087228	0.2183594022045418	0.18247152483067947	0.8808346176577709	0.82586981560105	0.05654784542700117	0.23425270986385588	0.7492079927494056	0.31906082762533605	0.00385052310843202	1.0	0.0	
24.333333333333314	0.28491217536258956	0.5839157130537187	0.050320115557344516	0.20560879556915607	0.9189794640772516	0.018747019723941438	0.3344326855971338	0.9117699096769069	0.8880069048992709	0.15568920044847767	0.12221937193765006	0.9189794640772516	0.8505161257246897	0.14587514303186616	0.16364915939895097	0.5632160610796838	0.21922260003580568	0.0068173907996408704	1.0	0.0	
24.666666666666647	0.4682672675581964	0.43855915637092857	0.038429175134509566	0.14056959106959144	0.9449899911813042	0.013810118891651142	0.23196584145251053	0.7755570250330452	0.9245974406682054	0.1262347577910036	0.08174996718986563	0.9449899911813042	0.8707207020787955	0.2779219393158986	0.12130408766692458	0.40384370844853135	0.14971936991459744	0.029026071226890042	1.0	0.0	
24.99999999999998	0.6229626329511359	0.3134214438399541	0.04873745785012969	0.09596749221680514	0.9626247378981696	0.014816006116294385	0.15931005436379897	0.5909444622942319	0.9492613511610607	0.1489897554856608	0.05464693183668756	0.9626247378981696	0.8868931655517175	0.42068893522392303	0.09882189978845093	0.2871109955536423	0.10225720483530198	0.1329394136204433	1.0	0.0	
25.33333333333331	0.7382762772661855	0.21870604794368398	0.12196023957232152	0.0662907780462992	0.9743232474919377	0.03498208536650596	0.10882623114188736	0.4238683536697878	0.9658683962751231	0.2484823141378752	0.03654496280827116	0.9743232474919377	0.9010490494370295	0.5490085919166194	0.0855452638562483	0.2170770307608127	0.07158000275250757	0.32810599249506267	1.0	0.0	
25.666666666666643	0.8200656744224234	0.15064714723804387	0.2849998442388074	0.048634899387673	0.9807264157988486	0.11502791637602487	0.07410901854082769	0.2957840661330249	0.9770413647574882	0.41191697748385947	0.02448260468889652	0.9807264157988486	0.917207706866224	0.6521988975850009	0.07578458692666662	0.23203403933936825	0.0643578356814448	0.5170940764182557	1.0	0.0	
25.999999999999975	0.8766456381125711	0.10285748768605912	0.47124386446572997	0.03925317974901474	0.9723958855970949	0.27949858205920575	0.05037157614450248	0.2037400946879313	0.9845432708909785	0.5781908840513642	0.016452899654784563	0.9723958855970949	0.9358210898902066	0.7238382583822026	0.08137266912518575	0.3880426119230388	0.16314214344257405	0.6626185155151035	1.0	0.0	
26.333333333333307	0.9152480826596965	0.06975826328992238	0.6263984075408908	0.03205845776195665	0.8665360679298565	0.46587265622061624	0.03419716857132034	0.13940304907938417	0.9894749300144722	0.7073907751120093	0.011210976938419347	0.8665360679298565	0.9527192120367061	0.6989819776913668	0.18339810199268458	0.5642575653644291	0.3778469932408852	0.7664077070791327	1.0	0.0	
26.66666666666664	0.9415753499230468	0.047075131759209646	0.7413025523872815	0.025300077680392993	0.644639398676667	0.6217757794995038	0.023203999616845626	0.09502763651109847	0.9915751049301397	0.7977494847529067	0.009280155212296535	0.644639398676667	0.9660625632728258	0.5344488517109689	0.3839843421871668	0.6995875873098967	0.5662741795180347	0.8336551271778984	1.0	0.0	
26.99999999999997	0.9596231800447522	0.031657177044595794	0.8225960628849809	0.019463070669539284	0.44942454039309954	0.7376740459861547	0.015801170079216602	0.06463584995117286	0.9862261689415521	0.8566085586904801	0.01873734128778371	0.44942454039309954	0.9759654425961478	0.37764559789365504	0.5657696318921881	0.7951167351744768	0.703344338590111	0.8498696195270097	1.0	0.0	
27.333333333333304	0.9720410142837433	0.021238005930819842	0.8789653309668598	0.01538470917324146	0.30735152430920903	0.8198809067809553	0.011246188744735233	0.04390824649583259	0.9562353687995024	0.8932111248521408	0.07212652055725952	0.30735152430920903	0.9830688798984429	0.2603529884998652	0.70092895415873	0.8608151462895683	0.7985709894314486	0.7732258642381588	1.0	0.0	
27.666666666666636	0.9805675357193988	0.01422704162706585	0.9176643444629707	0.015362696824014402	0.20865556011343717	0.8769834728024917	0.011367612180209243	0.02983073011632125	0.86175526488943	0.9148678641077058	0.21468836709078343	0.20865556011343717	0.9879567543076515	0.17773973486013672	0.7959584691763527	0.9055166073718188	0.8636949028809241	0.6130765991730228	1.0	0.0	
27.999999999999968	0.9862531755424934	0.009529678701666447	0.9440877513128846	0.029170520804279336	0.1411705543352061	0.9162353609195976	0.03476385912852672	0.020452366563374604	0.6932439323131687	0.9268826346888746	0.40384320732303325	0.1411705543352061	0.9908807159419961	0.12077573265032987	0.8614232331404179	0.9357583119500684	0.9079297475401565	0.44738429474651137	1.0	0.0	
28.3333333333333	0.9891309537029017	0.0064094626359189905	0.9620691265561006	0.09001135491009427	0.0953406373610757	0.9430530244942407	0.13414925675462744	0.015772930173186334	0.5122051757253725	0.9329391224970646	0.5723248437700599	0.0953406373610757	0.9917139946944623	0.0818625450641978	0.9061114757537114	0.9561388447702477	0.9378730438240052	0.3145606953239334	1.0	0.0	
28.666666666666632	0.9835461582488636	0.004384332064793172	0.9742668281807215	0.2362427554443376	0.06432358919411635	0.961219339317319	0.29428092601392586	0.03087666651472554	0.36261494649940273	0.9354913502909414	0.7006982029467662	0.06432358919411635	0.9902767861371425	0.05540587843307808	0.9364730132822741	0.9698302940557006	0.9581036852798599	0.21747848951493404	1.0	0.0	
28.999999999999964	0.9117598733449025	0.00309912045577123	0.9824301017488505	0.4231820783745378	0.043372764605300027	0.9723136788783857	0.45237374374199946	0.14966255147076868	0.25161356360017945	0.936105506737797	0.7928067375270527	0.043372764605300027	0.986627124960627	0.03746585287560916	0.957043017571865	0.9790007548966189	0.9717567170321917	0.14910651417112586	1.0	0.0	
29.333333333333297	0.7000065790338977	0.002261520021228883	0.9867599173413284	0.5880089206131487	0.02925333156054151	0.955610642226037	0.5819753878907652	0.35891975791086417	0.17285452211550473	0.9357315822112952	0.8572023232519425	0.02925333156054151	0.9811613952473962	0.0253200992380977	0.9709536219376853	0.9851245993876199	0.980963119654451	0.10176637294382021	1.0	0.0	
29.66666666666663	0.49236595659912796	0.0019183231208375017	0.9801789073667891	0.7130132852517711	0.020073572727796335	0.7800427961305096	0.6805048871908558	0.5456615923878839	0.11811172941707135	0.9348328106512888	0.9016538113801227	0.020073572727796335	0.974487991109553	0.01710531199159161	0.9803503197984608	0.9892009544758532	0.9871540349713663	0.06927269167210537	1.0	0.0	
29.99999999999996	0.3377180317484987	0.005267859746958204	0.9310165245079334	0.8020998053577197	0.018776363675274618	0.5559416321858187	0.7528018903205614	0.6847883847015898	0.08049330936050755	0.9329447147334641	0.9320971851019341	0.018776363675274618	0.9668019221138084	0.011552958376898091	0.9866829905109085	0.9919035434104909	0.9911997250681338	0.047077455875283725	1.0	0.0	
30.333333333333293	0.22957524873343332	0.027856703673321964	0.7870274699050792	0.8627570363610156	0.045630247629202286	0.3825307433779437	0.8048500362825934	0.7830436363402722	0.05527384785506874	0.9261577784651192	0.9524576455180485	0.045630247629202286	0.9554981588390667	0.0078032042814164555	0.9907718141011138	0.9936735210763892	0.9931714950901279	0.03196035745705875	1.0	0.0	
30.666666666666625	0.1554788591144159	0.11656772498588137	0.5856765401118337	0.8983073548181391	0.15304284712719046	0.2602742709360027	0.8418575526886714	0.8510425489032869	0.042384704489520975	0.8982657482472998	0.9630077700096115	0.15304284712719046	0.9270046745854347	0.005280278163775997	0.9921230537876985	0.9947362165338387	0.9903754469168579	0.02168267926679128	1.0	0.0	
30.999999999999957	0.10523673960742802	0.2900986533779431	0.4063052289154474	0.8967292797895502	0.3378389144458883	0.176269728659744	0.8676491100336389	0.8976682166287213	0.08840357557955872	0.8125258262109141	0.9355828953226197	0.3378389144458883	0.8478819583466897	0.00363127786453074	0.9792412495937554	0.9949057661755804	0.9674100024619261	0.014703727470449724	1.0	0.0	
31.33333333333329	0.071775460174958	0.4732535704337226	0.2749781775511435	0.8145360741938187	0.5206499600768477	0.11911083254827928	0.8818244777264908	0.9294784216919291	0.30684563761659867	0.6561596271005838	0.7440954883611344	0.5206499600768477	0.7289316358224145	0.0028234914172353535	0.8599644462565507	0.9925800564983582	0.8742185866597414	0.009970958402412109	1.0	0.0	
31.66666666666662	0.051799134886887255	0.6131335393752013	0.18469282628672978	0.647562013680534	0.6645891342197744	0.08039533908303079	0.8566202790001701	0.9510343334348837	0.5178997740639476	0.48567152298319494	0.5193799356756933	0.6645891342197744	0.6953633540364379	0.0039461376509411636	0.6358720887808129	0.9800886244184304	0.6936661433788969	0.006777362922027802	1.0	0.0	
31.999999999999954	0.05055733790655877	0.6917628571765094	0.12372595157482857	0.47249537445881507	0.7688629245003814	0.05423642381376227	0.748505781669597	0.9647605373413753	0.6715181786115322	0.3444586815908788	0.35228314606517386	0.7688629245003814	0.7203565938058889	0.012200801013936141	0.4444556894674975	0.9292488570778518	0.5048331517725128	0.004701837657703738	1.0	0.0	
32.333333333333286	0.0973376595629398	0.6889145052316263	0.08291394477409253	0.3317672024626118	0.8419180633146531	0.036598276280073214	0.581603806475861	0.9694407994856831	0.7777066000105539	0.24054587207060796	0.23698325767998057	0.8419180633146531	0.7611532264937326	0.043280216922002415	0.3067165988137698	0.7966365071457566	0.3536992786697727	0.0037457620288814017	1.0	0.0	
32.66666666666662	0.23304831899385983	0.595087518835666	0.056141797180575714	0.2290131553710934	0.8923230104051539	0.024775439437140966	0.42147962867021194	0.9525962570806872	0.8500121865176281	0.16990011841983793	0.15887351257043775	0.8923230104051539	0.8005113423900332	0.12128245867541458	0.2134863410760804	0.611824909265079	0.24374708514983273	0.005375604412511899	1.0	0.0	
32.99999999999996	0.4170687627446376	0.4584793044055739	0.04100671836047752	0.15680779371849174	0.9268245402363473	0.01713300364556984	0.29563139189724885	0.8750815054575861	0.8989511170513841	0.13150409398311075	0.10631884607987002	0.9268245402363473	0.8334075179453683	0.2475355317037246	0.15501016717864796	0.4426298491726526	0.16670211810103075	0.02003023707223326	1.0	0.0	
33.33333333333329	0.5825435770784402	0.3320040439795853	0.044181834326501024	0.10706116032410976	0.9503190240563705	0.01353527327076382	0.20418274063271596	0.7137611396055228	0.931978817619478	0.1402491395684823	0.07108638977925155	0.9503190240563705	0.8595023165882382	0.39164186333324635	0.12192828965867089	0.3145931663673567	0.11380551291074051	0.0998715031798599	1.0	0.0	
33.66666666666663	0.7089094727178447	0.23339678585016976	0.09910087156933461	0.07360267591862618	0.9661930979288338	0.018439999471111038	0.1399107210456266	0.5299199577961532	0.9542334594368587	0.22302986265292263	0.04753611471304456	0.9661930979288338	0.8807401171921739	0.524912343910379	0.10238852543736131	0.23216460837111755	0.07883322954929795	0.28465113125994035	1.0	0.0	
33.999999999999964	0.7994639845086507	0.16166073933195357	0.24594008025990816	0.05290884726522746	0.9764847848938532	0.052952077392333576	0.09545005732910064	0.3755968630720099	0.9692147333447808	0.37689015097936807	0.0318360417827087	0.9764847848938532	0.9013749895960507	0.6340419554077764	0.08813081713676302	0.22191346875920456	0.06356875637418086	0.48080766135145714	1.0	0.0	
34.3333333333333	0.8624638669969599	0.11104179057387098	0.4333880188055895	0.04185992712041845	0.9804730558848054	0.16371690823132365	0.06495006475713341	0.26065903202378726	0.9792904165302395	0.5473272405709029	0.021375123399878196	0.9804730558848054	0.9236360341554248	0.7136447385216338	0.08514620648346795	0.3539527441616136	0.12756012144539836	0.6360301365932152	1.0	0.0	
34.666666666666636	0.9055614261767552	0.07577407575296263	0.5966829655991146	0.034165031156205124	0.9551243590413908	0.34461405576016546	0.04412630559219813	0.17904854820107335	0.9860405618702808	0.6846627884815172	0.014412267372551558	0.9551243590413908	0.9438341115501842	0.7231283697642421	0.15804632284546333	0.5338578380172115	0.33286202005867505	0.7479280000373087	1.0	0.0	
34.99999999999997	0.9349512621436631	0.05136728976433265	0.7197049655913346	0.0270746020256318	0.7928010130210641	0.5237265636115683	0.029950189131716307	0.12232334982060136	0.9903196522262074	0.7824543673074533	0.010068225068276006	0.7928010130210641	0.9597871850054516	0.5726205254451757	0.3487850683095154	0.6773235552894027	0.5312515721432589	0.8232300196473938	1.0	0.0	
35.33333333333331	0.9550821269512804	0.03464676238425925	0.8074002511020695	0.020836963385132933	0.5712233667615464	0.6657433784251383	0.02032863801077105	0.08331146666327058	0.9908094842741154	0.846899917138819	0.010615859417541434	0.5712233667615464	0.9716099371743474	0.408550018206817	0.5369678098735715	0.7796012992656238	0.6785308746434067	0.8531313793026651	1.0	0.0	
35.66666666666664	0.9689261791645991	0.023289473429658196	0.8684390154830761	0.016189172345833645	0.39467929159032145	0.7691473768257843	0.01393529822727476	0.05663695173207474	0.980090623660406	0.8873493892874641	0.030509593391766475	0.39467929159032145	0.9801009857288887	0.2826006267301008	0.680015812790848	0.8501928363536854	0.7814675142458432	0.7996772386454227	1.0	0.0	
35.99999999999998	0.978443419650793	0.015621642003282494	0.9104325842096218	0.014819050178041313	0.2690486778776039	0.8418376736644285	0.010541254360054103	0.038467052838422555	0.9330379940368217	0.9115392688869195	0.11443299159878473	0.2690486778776039	0.9860512888455356	0.19320282011315543	0.7813403899581824	0.8983047566384097	0.8520316145044512	0.6510909620710039	1.0	0.0	
36.333333333333314	0.9848688583208067	0.010471460572379555	0.939142998217861	0.0238582918651232	0.1823932113031932	0.8921108968732313	0.015063838081897356	0.0261649498429343	0.8095066837794643	0.9251503820099701	0.28379552818170906	0.1823932113031932	0.9899906902079253	0.13137504230958846	0.8513628099960654	0.9308865998485988	0.9000163195792684	0.48132531086000196	1.0	0.0	
36.66666666666665	0.9885843909064895	0.007041450899644341	0.958698793741571	0.06999934342193787	0.12331304517453526	0.9265864183363665	0.06067362207369453	0.018217652145419434	0.6288903609304742	0.9321643313782562	0.47017701061507855	0.12331304517453526	0.9920301387268207	0.08908035316347487	0.8992395417398934	0.9528604272427402	0.9325182024509888	0.3403491165378829	1.0	0.0	
36.999999999999986	0.9864322729279571	0.0048090835020199885	0.9719790098249823	0.19797853516384872	0.08324727048141448	0.9500940575014196	0.19004049238725929	0.016882722488868015	0.4561345364095585	0.9352574695194793	0.6241292164531422	0.08324727048141448	0.9919716993155042	0.06030380726775797	0.9317982248825999	0.9676315444077486	0.9544857161705667	0.23593469957605562	1.0	0.0	
37.33333333333332	0.9407987732465647	0.0034041911703914206	0.9809211963514702	0.38283901404911935	0.05615196044819139	0.9658471428984842	0.3549455579888875	0.05666672296697865	0.32014562836617555	0.9361534242270725	0.7381901628341468	0.05615196044819139	0.9896763045902554	0.040782829256286963	0.9538704531975294	0.9775310256293445	0.9693145462291005	0.16198248742691404	1.0	0.0	
37.66666666666666	0.7495681000830517	0.002496102780125686	0.9862755058416267	0.5553342597428649	0.037860261681228025	0.9729674393042012	0.5037868864750961	0.2245574127899012	0.22121262786296653	0.9359107978721715	0.819095313529981	0.037860261681228025	0.9852939422467661	0.02756366146896659	0.9688026991888822	0.9841455743520984	0.9793160975772515	0.11063904711219238	1.0	0.0	
37.99999999999999	0.5329840256550977	0.001894782995780415	0.9834545665386599	0.6890506394508664	0.025569676965739335	0.9137095989897743	0.6216101621466616	0.43312323911135797	0.15163307133837653	0.9351003140911146	0.875359758287244	0.025569676965739335	0.9792875613776125	0.018621644250399708	0.9788920414842263	0.9885512482787397	0.9860501243173431	0.07534651333810753	1.0	0.0	
38.33333333333333	0.3668246923302749	0.002259039584566564	0.9483045163206837	0.7853139470293111	0.018321261838980377	0.6948187169608808	0.7097823386162738	0.6023913801773797	0.10348513014376245	0.9335492453755693	0.9140904302906224	0.018321261838980377	0.9720365126583116	0.01257718698798804	0.9857038917303348	0.9914748736455188	0.9905047978767206	0.05121954080821249	1.0	0.0	
38.666666666666664	0.24969947249074886	0.009989782787059132	0.8275887242350494	0.8516428645678642	0.02319386988040424	0.486142027249145	0.7739540548119772	0.7252010259400474	0.07055343087884067	0.9285552433396523	0.9405046965427473	0.02319386988040424	0.962128847456751	0.008494227032477823	0.9902635244803883	0.9933979474141253	0.9929887358370396	0.03477855726612371	1.0	0.0	
39.0	0.16920258658652798	0.051532695894626196	0.6349278274264443	0.8929392298172466	0.07273017655892922	0.33266945193416464	0.8199292081089912	0.8111128004425436	0.049143569186205646	0.9079442659701251	0.9575715283884928	0.07273017655892922	0.940073803290022	0.005743088356943074	0.9929283825425023	0.994594507656368	0.9918391059887894	0.0235972961055202	1.0	0.0	
39.333333333333336	0.11450114951250404	0.177878162787255	0.4493996863825398	0.9030162604817332	0.2157845953112674	0.22585674368031844	0.852459431441134	0.8703223795199023	0.04513263284192196	0.8402492007658496	0.9610816909662793	0.2157845953112674	0.8774913550522976	0.003922523108818076	0.9914426172922464	0.9950093030911279	0.9768427884224097	0.016003048633470827	1.0	0.0	
39.66666666666667	0.0778204104354118	0.36286960853137007	0.3066281238048719	0.8471290042068754	0.40795008351767215	0.1528031850958687	0.8745163031791028	0.9108353694060172	0.1571318819028664	0.6999355013630953	0.877986091698341	0.40795008351767215	0.7485711717791801	0.0028935033275600463	0.9549235114164576	0.9935964256378125	0.9086889613984113	0.010851157720380911	1.0	0.0	
40.00000000000001	0.05474818163553964	0.5270957251651115	0.20657048784860554	0.6974818629750603	0.5781191437017518	0.1031990305612569	0.878781071015474	0.9384297338490238	0.38988719456787047	0.5283185708703061	0.6428436469811419	0.5781191437017518	0.6449085697164498	0.003288214962802883	0.7748300452506288	0.9851958152945419	0.7467657880523579	0.007367470467664641	1.0	0.0	
40.33333333333334	0.047244949204205515	0.6339322652098863	0.1385631537743699	0.5182634911198626	0.706843406005331	0.06963699517446909	0.821659387179255	0.9569296519027369	0.5801463992098679	0.37809944273090534	0.4401609337668799	0.706843406005331	0.6461408405875098	0.008837712948441195	0.5572527092469779	0.9489559571030814	0.5534829956082782	0.0050637385516647555	1.0	0.0	
40.66666666666668	0.07605863120808448	0.6631843830959909	0.09287786456114996	0.3668134387473251	0.7986555703713102	0.0469767188567954	0.6798409407068902	0.9675949590912285	0.7148600899128706	0.2647497115199343	0.29692212016380537	0.7986555703713102	0.6924235354332933	0.03239434141784185	0.3882770581299444	0.8396644106180554	0.3908364744544621	0.0038053811086902513	1.0	0.0	
41.000000000000014	0.1866827349639789	0.5991512394764336	0.06266143384300506	0.25414702047456006	0.8625378907340292	0.03171945199806893	0.5093507793814864	0.966011529459721	0.8072969408405931	0.18591239424976796	0.19928553296470403	0.8625378907340292	0.7451263080990629	0.09868313944060644	0.27045479373905795	0.6612926199466406	0.27031080972766236	0.00448642894311302	1.0	0.0	
41.33333333333335	0.36562926244246774	0.47560072657437935	0.044449107636723245	0.17434053849037484	0.9064614559193515	0.021569656229230183	0.36275927089342175	0.9295525122201641	0.8700641964139142	0.13903440239430848	0.1334408029787577	0.9064614559193515	0.791300614726744	0.21740304131412166	0.1939977119197978	0.4839278421829709	0.1851907070430973	0.013916270993123314	1.0	0.0	
41.666666666666686	0.5401550213729956	0.3498590005955844	0.04197696540278017	0.1190957962437092	0.9364649180919181	0.015366607617149825	0.252384607504645	0.8134889932215192	0.9124923979020318	0.13487465820151848	0.08924609931749483	0.9364649180919181	0.8283536066242855	0.36174739064595496	0.1487057666096108	0.34462958970525026	0.1264486285590233	0.07233938146717167	1.0	0.0	
42.00000000000002	0.6775966224886022	0.2480069380719494	0.0814614567773043	0.08164550925405784	0.9568512009162121	0.01423214659575184	0.17360058608947032	0.6329660485995837	0.9411065861385983	0.2008216924188021	0.05967947494128491	0.9568512009162121	0.8577440306506271	0.49967299362315265	0.12177754469866686	0.2503535253255714	0.08705755572557228	0.24111542016297635	1.0	0.0	
42.33333333333336	0.7773291025776276	0.1726703579317708	0.20980347367700186	0.05779283827987741	0.9705080032231547	0.027482746628096015	0.11868904821925363	0.4585380259787494	0.9603795948262527	0.3429630355286003	0.039958143100598996	0.9705080032231547	0.883707856003652	0.6147436491250285	0.10256571032428671	0.21883287033193055	0.06574320126190585	0.4425319310002841	1.0	0.0	
42.66666666666669	0.8471585457946613	0.11913690317212947	0.3955140460370443	0.04474611482797119	0.9787573472978623	0.08912283832182773	0.08086780820708436	0.32142107809258313	0.9733496501110845	0.5154320858306749	0.026817098310229118	0.9787573472978623	0.9100029154073753	0.7012897958771699	0.09254702631818502	0.3216312159497761	0.10162419898505914	0.6075624661816579	1.0	0.0	
43.00000000000003	0.8950893333430846	0.0817600144944368	0.5661605934991183	0.036414498148655224	0.9767951185919191	0.23748581656250367	0.05498557836533208	0.22188777604079052	0.9820659210968039	0.6606760310738281	0.01804814078457316	0.9767951185919191	0.9338520122913635	0.7355752170567761	0.13951582848901234	0.5021905828965096	0.2888570724631554	0.7279546500885006	1.0	0.0	
43.333333333333364	0.927785855925889	0.05571934583586392	0.6972915356008855	0.028974337705874927	0.9062667140065032	0.4253592097407629	0.03733989413110782	0.1519989379395752	0.9878604670663049	0.765978946681783	0.012251845691534532	0.9062667140065032	0.9527276191937892	0.6084636512542035	0.31465244956116445	0.653691357383095	0.4953615319782235	0.8107653628383324	1.0	0.0	
43.6666666666667	0.9501672352804693	0.03771775054439965	0.791551257185963	0.0223433908271772	0.694891017346924	0.5900491287858366	0.025339814799268057	0.10368399361031205	0.9910209433769599	0.836291246478292	0.009358497376463869	0.694891017346924	0.9667038202044183	0.43942996105643495	0.5075516813410232	0.7630347525378691	0.6528116593667365	0.8519907189446735	1.0	0.0	
44.000000000000036	0.9655513251846007	0.025412889083092777	0.8574304096772958	0.0171849891906253	0.488543977995616	0.7146882345952874	0.01722801676872266	0.07055247446752638	0.9883068534494795	0.8808287614986463	0.015315832886268414	0.488543977995616	0.9767323228934655	0.3051772919357507	0.6583417728499337	0.8388222590220138	0.7636689170511584	0.8195669916512716	1.0	0.0	
44.33333333333337	0.9761337346924199	0.01707177477617953	0.9028574286503523	0.0147880164938061	0.33504154016819787	0.8037570384677319	0.012054695081492733	0.04793807106876491	0.9667006674614353	0.9077386343867062	0.056629735804642034	0.33504154016819787	0.9837903962014581	0.20898288007292365	0.766105818319754	0.8905734212879061	0.8398727001071515	0.6859491028401482	1.0	0.0	
44.66666666666671	0.9833308724645188	0.011453529554503399	0.9339581664175394	0.020424711388386287	0.2277243718390975	0.8658433544557647	0.010786052434899567	0.032561805064668804	0.8904160083938745	0.9230862726061525	0.1825760388005688	0.2277243718390975	0.9886214000324269	0.14221975351618643	0.8408504920219124	0.9256578323191272	0.8917589035629298	0.5145427079140457	1.0	0.0	
45.00000000000004	0.9877851346977629	0.007701262891083369	0.9551620130012554	0.055154691288537984	0.15416351043491633	0.9085996433737719	0.026523098551537463	0.022241371547685317	0.7346229431111414	0.9311600509253705	0.36899748273410427	0.15416351043491633	0.9915971862390799	0.09647583373168925	0.8920484965123087	0.9493376678068108	0.926927515816198	0.3661660387023271	1.0	0.0	
45.33333333333338	0.9877640876786994	0.005249447023683072	0.96957467507558	0.16470221754554012	0.10414974176701064	0.9378463304630832	0.10917402788953892	0.016340386378211353	0.5509030062981185	0.934866985505621	0.5436471655056998	0.10414974176701064	0.9926551160711875	0.06532679234196834	0.9269019534564484	0.9652659131748443	0.9507070598628333	0.25457940792565303	1.0	0.0	
45.666666666666714	0.9595364868240563	0.003712768300299295	0.9793130656548968	0.34421771035509263	0.0702803545932596	0.9577145077682753	0.2631739739956588	0.024182439375288283	0.39274565486366253	0.9360954141587892	0.6793825645127655	0.0702803545932596	0.9915720470244546	0.044186600282095284	0.9505457264494416	0.9759474203979858	0.9667632572818168	0.1750445594816431	1.0	0.0	
46.00000000000005	0.7961114505737967	0.0027376999358601373	0.9854876101186816	0.5228907061961997	0.047394217352964896	0.9704594687170274	0.4246352822111381	0.11622505655366702	0.27343316982536653	0.9360172950381433	0.7776047509901296	0.047394217352964896	0.9883011036336996	0.029866998121100774	0.9665480989165628	0.9830888756889599	0.9775948963384368	0.11965971026081115	1.0	0.0	
46.333333333333385	0.5737118165482219	0.0020685110369328776	0.9853114364979748	0.6649139660133074	0.03195902877303853	0.9652376962526988	0.560098558025294	0.3196222363342506	0.18816885999082134	0.9352979661800571	0.8465646187685831	0.03195902877303853	0.9831166807724475	0.02017895678578604	0.9773630506652393	0.9878485500675348	0.9848930303760789	0.08152947523647444	1.0	0.0	
46.66666666666672	0.3964303528976757	0.0017195121108132337	0.9605762586299698	0.7682665289212206	0.0217400632268038	0.8232958012996551	0.6641412064060785	0.5143722551461186	0.12869892372190175	0.9339795035786402	0.8942813680264792	0.0217400632268038	0.9764224795692555	0.01362946604726209	0.9846672811657092	0.9910097044368403	0.9897562943528686	0.05543941174110484	1.0	0.0	
47.00000000000006	0.27026117826794227	0.004088138985626213	0.8607269389356698	0.8401557016173561	0.018127501515947088	0.5948078811663823	0.740882119618832	0.6622060247655593	0.08773827575320894	0.9301988587294371	0.9270194247931941	0.018127501515947088	0.967546040304398	0.009204617956851676	0.9895928481877634	0.9930950749998955	0.992671347171109	0.03765122173752769	1.0	0.0	
47.33333333333339	0.1832534636685772	0.022142325619850124	0.6777920439038998	0.8865369542451111	0.036433568465485885	0.4107992174605213	0.7962957643073918	0.7672725604382102	0.06003512091519363	0.9146781667304558	0.949062986487239	0.036433568465485885	0.9498844940424875	0.006220386196096822	0.9927863906313737	0.9944210260409673	0.9926310531549984	0.02554967751262239	1.0	0.0	
47.66666666666673	0.12401123448613083	0.09848044292850805	0.4885881430821084	0.904880036095657	0.12507109956685075	0.27989168833892153	0.8357835566603796	0.8401791969108839	0.043951981198963944	0.8605411167643403	0.9614851228272314	0.12507109956685075	0.9003144162631819	0.004231416374669117	0.9938841057228542	0.9950243241256943	0.9824971848357995	0.017328458355299677	1.0	0.0	
48.000000000000064	0.08412255019934169	0.2612052676688052	0.3368363253435374	0.8687850877532693	0.301284944335916	0.18967307436885494	0.8634412327574776	0.8902356786542293	0.06736194134162656	0.7362988241688917	0.94269315797258	0.301284944335916	0.7847432662788536	0.0030279116906323598	0.9847788910472027	0.9941946802074334	0.9321405903108522	0.011749675230328872	1.0	0.0	
48.3333333333334	0.05835288939809943	0.4392382054124965	0.22785363796872088	0.7392938229644854	0.4889905187085434	0.12820773015061113	0.8798361219721683	0.9244132895124894	0.263861558106617	0.5671009300274237	0.7580653190278525	0.4889905187085434	0.6343390152611094	0.0029582446096760285	0.8902950370235669	0.9883058105861454	0.791413188171803	0.00797284425686826	1.0	0.0	
48.666666666666735	0.046533634560162004	0.5701866653465882	0.15310360332395045	0.560305116788449	0.6408487979184773	0.0865489195110091	0.8588840959817374	0.9476105569842612	0.48382430772754786	0.4099014375503083	0.5283655579648897	0.6408487979184773	0.5848695247879414	0.006697555718401535	0.6739675120682685	0.9618869534117387	0.5983555646296408	0.005451657424500782	1.0	0.0	
49.00000000000007	0.06301272095379348	0.6273465918352623	0.1026869853452852	0.4000716871869632	0.7519885217501624	0.05839109670569766	0.754887228159442	0.9625404222873537	0.6475035551701037	0.28807964122173524	0.3579196503002371	0.7519885217501624	0.6233825989156271	0.024700711037392846	0.4773965584971924	0.8731616322266126	0.4262063284872065	0.003953793361723364	1.0	0.0	
49.33333333333341	0.15072990165274885	0.5920244359473154	0.06915710770630293	0.27830713063046547	0.8301947383139694	0.03939909799397501	0.5888173083116289	0.9683306573843863	0.7612434513921176	0.20175089774459648	0.2405861326517582	0.8301947383139694	0.6859173628396191	0.08097869667800428	0.3342153459721482	0.7052650659243974	0.29592644228750564	0.00402152419901549	1.0	0.0	
49.66666666666674	0.319871968376119	0.48490176478203845	0.04824023162589322	0.19129662087714994	0.8842680761847352	0.026657686418084768	0.427437278233033	0.9533560819089837	0.8388346715873632	0.1476343886502372	0.16120969121435014	0.8842680761847352	0.745155827794057	0.19205683213989722	0.23850137133062344	0.5226957384905839	0.20312436956403152	0.010306273890962482	1.0	0.0	
50.00000000000008	0.5004395187291277	0.36289613070483684	0.04170294689142501	0.13078657135811908	0.9213230352285339	0.018376491011436482	0.30002630969647387	0.8795610703989781	0.8913948550762398	0.13322224909001354	0.10785720558735765	0.9213230352285339	0.793872451998759	0.33582445077363865	0.1797003307350132	0.3736113075422909	0.13877457120277192	0.053458323565394594	1.0	0.0	
50.333333333333414	0.6476803788443444	0.2595865136404621	0.07020112612551054	0.0895401037118026	0.9465753354655869	0.01425584981461787	0.20728549291365794	0.720974564810888	0.9268818911611271	0.18497121106774725	0.07213165752378556	0.9465753354655869	0.8323486251033618	0.47758791199460326	0.1442035054297877	0.2691329916228229	0.09524994388703892	0.2046680886843125	1.0	0.0	
50.66666666666675	0.7560000469868008	0.18168053271268575	0.1818577262702554	0.06275961044684274	0.9636560614229487	0.01838128769831938	0.14206088519865048	0.536761361160301	0.9507996869263695	0.3158544035158429	0.04828858928959125	0.9636560614229487	0.86460384209325	0.5978052112695067	0.11934014338783853	0.22196495828735324	0.06948559053152746	0.4085935836438449	1.0	0.0	
