0.0	0.0	0.0	0.0	0.0	0.0	0.0	0.0	0.0	0.0	0.0	0.0	0.0	0.0	0.0	0.0	0.0	0.0	0.0	0.0	0.0	
0.3333333333333333	0.3333333333333333	0.0	0.0	0.0	0.3333333333333333	0.3333333333333333	0.0	0.0	0.0	0.0	0.0	0.3333333333333333	0.0	0.3099654278182973	0.0	0.0	0.0	0.0	1.0	0.0	
0.6666666666666666	0.5555555555555556	0.0	0.16666666666666666	0.0	0.38888888888888884	0.5555555555555556	0.0	0.0	0.2447311406503798	0.061896355665452006	0.0	0.38888888888888884	0.0	0.5166090463638288	0.0	0.0	0.0	0.14419982094926442	1.0	0.0	
1.0	0.7037037037037037	0.0	0.4112306092506325	0.01598727988775345	0.29247309445307107	0.7037037037037037	0.0	0.0	0.4402022251670076	0.2917719813848059	0.0014985869205469229	0.29247309445307107	0.11531872776145946	0.6543714587275165	0.0	0.004887990175151768	0.03321383519381187	0.38432192695430045	1.0	0.0	
1.3333333333333333	0.8016404331689494	1.2631366123436863E-4	0.5972684858246838	0.03629177653268155	0.2052006499777852	0.8024691358024691	5.09760239736626E-5	0.0	0.5043504233036137	0.5095821567074439	0.023732778212241373	0.2052006499777852	0.36844565825404085	0.7321962193347994	1.6992219811243496E-4	0.12993547781181075	0.25500392112944176	0.57436856706236	1.0	0.0	
1.6666666666666665	0.8654968021416435	2.6330758845296095E-4	0.7270490464166439	0.03829322410088223	0.1412154293038106	0.8683127572016461	9.654536152949183E-4	2.290964175053433E-6	0.4509773655994693	0.665980291566196	0.13735132610181108	0.1412154293038106	0.5629701890804805	0.609677543997633	0.010179638272153544	0.3722550071966426	0.47945712908943383	0.7081513578724907	1.0	0.0	
1.9999999999999998	0.9078985967561116	2.953601143660609E-4	0.8156540726301127	0.032596826883452265	0.09642692321282587	0.9122084018850335	0.011761297604476938	4.527018840281742E-5	0.35073033032524387	0.7704256655397639	0.337385235824297	0.09642692321282587	0.696524504132926	0.43366575283270037	0.1001941368984071	0.5676658221977785	0.644526007627962	0.7837905171891647	1.0	0.0	
2.333333333333333	0.9366337306200055	2.6295210642226575E-4	0.8756944300814467	0.02610136621242253	0.06558824960961016	0.9414702334937384	0.08283240192815283	6.170416917242186E-4	0.2554698558186359	0.8375514801890583	0.5259711836674125	0.06558824960961016	0.7850423250145764	0.2988499628002497	0.2695099436554043	0.70591304425321	0.759109747732097	0.7705244506604458	1.0	0.0	
2.6666666666666665	0.9562727820579455	2.1001222371398043E-4	0.9162466591474762	0.02260647861428528	0.0445139197858115	0.96095228498848	0.2362289632300278	0.008345166930907954	0.1805359050085965	0.8794260634702232	0.6701233213599385	0.0445139197858115	0.8423365000832727	0.20400490778806213	0.43756692539512143	0.8007811159733804	0.8373082516356014	0.6471505442500299	1.0	0.0	
3.0	0.9696042727657288	1.5986893838831323E-4	0.9435912783782615	0.029590439857800084	0.03017011118041269	0.9735643612198878	0.4034491240155078	0.08282336815290832	0.12568096016174235	0.9046771084929088	0.7730081424621353	0.03017011118041269	0.8786110351553964	0.13865223951398925	0.5738377158789312	0.8651793339522609	0.8903121123825498	0.4853978255775113	1.0	0.0	
3.3333333333333335	0.9780005021043232	1.2393858346667692E-4	0.9620115583349437	0.07253314562650065	0.02043503953541921	0.9744439584675354	0.5449074462403177	0.282374212627959	0.0867881286145572	0.9192764059716054	0.8445076418096381	0.02043503953541921	0.9010551156700143	0.09400579828580721	0.6763865547117917	0.9086670557675461	0.9261201093115449	0.3454771485283459	1.0	0.0	
3.666666666666667	0.9790147246127788	1.222887954925886E-4	0.9744041965235745	0.19571613424146067	0.013933446102302474	0.8652029701366937	0.6536602518403254	0.4854553044367568	0.05965082446424447	0.9272559706382564	0.8935871383772865	0.013933446102302474	0.9145922200431704	0.06364222529378738	0.7510046520940563	0.937941065484339	0.9502675827629572	0.2402918095998735	1.0	0.0	
4.0	0.9372374259332618	6.799640484880318E-4	0.9826790196280389	0.37822053745841094	0.011652985298691364	0.6343752919836209	0.7337979843959911	0.641704619663302	0.040890550059000136	0.9312615128676043	0.9270484648004826	0.011652985298691364	0.9225137473717356	0.04304616302279589	0.8043493061678979	0.9576005669654629	0.966534448173082	0.16530210112902327	1.0	0.0	
4.333333333333333	0.7510296387126367	0.005788782292047607	0.9875545883514564	0.5508942399659194	0.025563149422797315	0.4397051831981006	0.7915765209949805	0.7531486000743748	0.02817256714145385	0.9329731277541661	0.9496169062338718	0.025563149422797315	0.9269684801642142	0.029097880474790692	0.8421480212179743	0.9707762476580224	0.9774847098044288	0.11305810287473295	1.0	0.0	
4.666666666666666	0.5351460425542335	0.03424536885629111	0.9838610728643655	0.6855453580261754	0.09863469479211359	0.29993216553065405	0.8326983228209178	0.8305613100158071	0.021177313288522702	0.9333763588440924	0.963541472812265	0.09863469479211359	0.9292964368888805	0.019661298180038696	0.8692102523886985	0.9795891378022883	0.9848447302394059	0.0770711928637379	1.0	0.0	
4.999999999999999	0.3685948469499114	0.13879979544263082	0.9303818575347119	0.7827134630891186	0.26457998516432946	0.20334194557875135	0.8615982871346594	0.8837240270236775	0.03681899843786415	0.9325268942230122	0.9606939278842586	0.26457998516432946	0.9299392104956898	0.013281443585555285	0.8906328930200692	0.9854712086646287	0.9897062353221333	0.05243439588206393	1.0	0.0	
5.333333333333332	0.2509989531615957	0.3243535879859862	0.7138169215796885	0.8490821377573906	0.45618347773482726	0.1374682266487894	0.8805682643193412	0.9200229827534361	0.20727069483248417	0.9260027794455196	0.8573031501200538	0.45618347773482726	0.9268015720221086	0.008971200908141956	0.9123655590024062	0.9893782212235251	0.9921649471441389	0.03562810771475376	1.0	0.0	
5.666666666666665	0.170143091870528	0.5102625862856712	0.4903758584250135	0.8814816174672612	0.6159836783108954	0.09280205371651351	0.8795832800848966	0.9447010714449455	0.43872505035782594	0.8801845076798673	0.6356290928215836	0.6159836783108954	0.9195151424744265	0.006069492331116706	0.9340967579831388	0.9918699455360406	0.9853644291421633	0.02418863752520562	1.0	0.0	
5.999999999999998	0.11538807328420372	0.6560086797810235	0.3304018585013354	0.8491563099211478	0.7342506605098386	0.06260516647513094	0.819339198864188	0.9611297214101555	0.615819772098542	0.7514500802734604	0.4413189804579216	0.7342506605098386	0.9156351781102986	0.004216072308204684	0.9522794195302766	0.9925899442967315	0.9348270242515112	0.01641354570286339	1.0	0.0	
6.333333333333331	0.0797336717514486	0.7583981081827461	0.22146956587035738	0.7164804827445387	0.8178573349930958	0.04222842156764042	0.6789719089801922	0.9703125722783235	0.7395901790393589	0.5745812204447913	0.3002222583864629	0.8178573349930958	0.9150283615377389	0.0036993979648425883	0.966085214727019	0.9881665641393268	0.7870932550200407	0.011138990856473414	1.0	0.0	
6.666666666666664	0.062365607153917785	0.8193472117692524	0.14815094630471504	0.5393977694024455	0.8757901345067378	0.02851713595346137	0.5102028100670427	0.9677366835298272	0.8241715608092106	0.41320574095133844	0.20255140816731126	0.8757901345067378	0.9162266266783767	0.007486840125420563	0.9760785398975459	0.9635357201258665	0.5907210979127966	0.007597731953465666	1.0	0.0	
6.999999999999997	0.07930963229282212	0.8259778679411495	0.09904479455523882	0.38397339766222277	0.9155370189610468	0.019411129972099338	0.3641383639013347	0.9310205124518919	0.881504457729436	0.2895428227481513	0.13609306530229082	0.9155370189610468	0.9181764496637652	0.02988108673348936	0.9829841209077065	0.876629099049973	0.4191596621521052	0.005424674317944082	1.0	0.0	
7.33333333333333	0.17431102230157203	0.7455607351685158	0.06636721017299506	0.266738086960298	0.9426535072943384	0.013902339991817354	0.25369014487628616	0.8156870756092507	0.9202239929031423	0.20293724734271856	0.09121982054194441	0.9426535072943384	0.9202830884114237	0.11401498415289427	0.9870164175371522	0.7089691807540127	0.290441209290217	0.005373839365524377	1.0	0.0	
7.666666666666663	0.34623112415345847	0.5921539725516356	0.04545659342380581	0.18318758962661552	0.9610618070399198	0.013174604893051537	0.17465833426474278	0.6355557449120851	0.9463228491667739	0.15415223987823687	0.061048279501838054	0.9610618070399198	0.9222624573467236	0.282986569894776	0.9868286852995997	0.5259226531658824	0.19908945571321846	0.018075997253297563	1.0	0.0	
7.9999999999999964	0.5225906960628456	0.433351804182604	0.036335913348790154	0.12504938511439917	0.9733754064335847	0.026411591363246445	0.11948883644722982	0.46079489993248446	0.9638953830789054	0.17335330578803507	0.04082115606435344	0.9733754064335847	0.9240642211370531	0.4704838461330516	0.9761598696210652	0.37834561707092174	0.13581068206459146	0.1303869900857884	1.0	0.0	
8.33333333333333	0.6641967835895756	0.3044045217884477	0.053135940207772375	0.0849647619960967	0.9807453563783323	0.0872029209188579	0.08144858457464665	0.32314445155032834	0.9757180001833615	0.286057662975284	0.027305431229203765	0.9807453563783323	0.9260287753917663	0.6254108091441275	0.9350777748584067	0.2886678362723513	0.09280761211443614	0.35563412115250836	1.0	0.0	
8.666666666666664	0.7678322787307348	0.20894654249898026	0.14204319120233302	0.058019985810168886	0.9784694627858386	0.2345473408651888	0.05539577021094719	0.22313233631769963	0.9836611830035057	0.4396047480239439	0.018302852841358963	0.9784694627858386	0.9297327277955936	0.7394251379640026	0.838041075430424	0.3136835146723167	0.06574180670979338	0.551316530924637	1.0	0.0	
8.999999999999998	0.8408007945607018	0.14147104687553014	0.31698358533967863	0.04102929004974562	0.909718503716714	0.42248558528057445	0.037624130620824286	0.1528746090246393	0.988937894211349	0.5893564333680918	0.012356183082523349	0.909718503716714	0.9385087551368473	0.8187953025593756	0.7378910954750254	0.46080196828602016	0.06690192408037439	0.6932543120821091	1.0	0.0	
9.333333333333332	0.8911944039772025	0.09515901837210317	0.5018297811141055	0.03045014261562199	0.6991145175844452	0.5877805780220099	0.025533411167039638	0.10429186446133865	0.9917796850262347	0.7121179049551699	0.009177996846383709	0.6991145175844452	0.9513156509165004	0.869751777017318	0.7107485113607516	0.6151123382758075	0.1955845272510901	0.7917094498457239	1.0	0.0	
9.666666666666666	0.9256627381591088	0.0638114107200173	0.6505388007836143	0.022918054957663917	0.49181772920924016	0.7130388901182525	0.017350242727199046	0.07097118863737809	0.9889828886990104	0.8019879850482319	0.013505238644870712	0.49181772920924016	0.9636357984572673	0.8469318656479989	0.7329783721127189	0.7338648034987154	0.4130387527883502	0.8588931195889462	1.0	0.0	
10.0	0.9491768502049326	0.04271593474590896	0.758997937279753	0.017108561721477296	0.3373505701733426	0.8025981611706117	0.012063051445562956	0.048224626948992294	0.9677828861353932	0.8641400956284868	0.04816990437782384	0.3373505701733426	0.9735714727737934	0.6500035677052672	0.7700838294666564	0.8181421231366155	0.5930429132064344	0.9030549972561582	1.0	0.0	
10.333333333333334	0.9652220422203444	0.028561559224369253	0.8351560546074928	0.012641250899183658	0.22931018050750696	0.8650420186616067	0.010256354385743443	0.03275330575753806	0.8927591257153563	0.904100083202999	0.16493656056732264	0.22931018050750696	0.9809265538936093	0.4555118639825677	0.8065033079519262	0.8763694206935281	0.7222283257234654	0.9196536236540306	1.0	0.0	
10.666666666666668	0.9761789113304951	0.0190819821802439	0.8877408626225846	0.00946573070155443	0.15524169821605682	0.9080504126760939	0.022597848158198687	0.022340430864057466	0.7380372392022491	0.9279495339810817	0.35156938008249394	0.15524169821605682	0.9858383379523632	0.3118822132354141	0.8372398912855397	0.9161154078668047	0.8115816512660197	0.8739890237120893	1.0	0.0	
11.000000000000002	0.9836565956688414	0.012741711402068479	0.9237444317907498	0.008280320968479672	0.10487939691460382	0.9374736389667448	0.09729348097525983	0.016137296608459074	0.5541567415529406	0.9407469829013076	0.5310678583234668	0.10487939691460382	0.9882407261285603	0.21179843629902345	0.8615066616601804	0.943062261735105	0.8725728255445273	0.7287126856648547	1.0	0.0	
11.333333333333336	0.9887039390033097	0.008506410997419299	0.9482810477198057	0.013230751087266675	0.07077291164730887	0.9574781461002666	0.2486095282672251	0.02139446583453278	0.3952984810141753	0.9463661686268792	0.6712381742296155	0.07077291164730887	0.9880172644595695	0.14330283400855226	0.8799892924497374	0.9612414639711627	0.9139594862343186	0.5449596018373285	1.0	0.0	
11.66666666666667	0.991800318724568	0.005683718680176579	0.9649562158402704	0.04235287311989403	0.0477260184125827	0.9704874509836819	0.41209682261167824	0.10168647619287079	0.27528673073949567	0.9476500820585249	0.7725794606176669	0.0477260184125827	0.985282707298839	0.09677268246865126	0.8937599328707935	0.9734498785200542	0.94195816738856	0.38683635333952415	1.0	0.0	
12.000000000000004	0.9917407300211136	0.003816647973324208	0.976264636710127	0.14128170914164445	0.032179854216807253	0.9687562162755642	0.5505720104272765	0.3012728235549924	0.18947077247308092	0.9465696252194394	0.8435709592315354	0.032179854216807253	0.9804814704514391	0.0652792350781698	0.9038685707097589	0.981608711941421	0.9608675001651749	0.2684202336851725	1.0	0.0	
12.333333333333337	0.971692244598686	0.002634415765557653	0.9838973815970322	0.31755587830706256	0.02183908268885515	0.8433687467700934	0.6572745915055975	0.4996344606766072	0.12959868842196065	0.9444006824442993	0.8925698239211309	0.02183908268885515	0.9743173855327741	0.04400584328732904	0.9112096406129117	0.9870312063695199	0.9736252839910448	0.1842655638642291	1.0	0.0	
12.666666666666671	0.8295924059494639	0.0028893999177820643	0.9887810132100842	0.5006821713047944	0.017540066973396044	0.6138063503311656	0.7360651233505777	0.6515905597414597	0.0883494482868657	0.9419056187112871	0.926113030786292	0.017540066973396044	0.9675650441798008	0.029652842737021366	0.9165004896025787	0.9906122816622576	0.9822270534781447	0.12579001601574316	1.0	0.0	
13.000000000000005	0.6042021559538805	0.010542774520034272	0.9888019449309642	0.6485313192731804	0.03264053662621911	0.424723391557395	0.7929745503574492	0.759887881248914	0.06038126405409529	0.0	0.9487673023505598	0.03264053662621911	0.9608743057974246	0.019975973930506548	0.9203806636649956	0.9929600731496357	0.9880210729407377	0.08560034288649906	1.0	0.0	
13.33333333333334	0.41870295815628267	0.05175218583204582	0.9660595922855013	0.7567765269727761	0.11289614320318964	0.28956712294230347	0.8335368313971195	0.8351146830680537	0.04360590110215744	0.0	0.6325115349003732	0.11289614320318964	0.954499495092564	0.013454800547315248	0.9238613886618701	0.6619733820997571	0.9918840038993548	0.05814041702740751	1.0	0.0	
13.666666666666673	0.2857253376766977	0.17985840192258967	0.8376491184995583	0.832329624178724	0.2840244960808812	0.19628331028908402	0.787385796428767	0.8867869216387072	0.059405088618622676	0.0	0.42167435660024877	0.2840244960808812	0.9471398069395321	0.009062008396021032	0.8760942181622269	0.4413155880665047	0.9941666432735946	0.039441954944859636	1.0	0.0	
14.000000000000007	0.19381246405481584	0.3713558835779918	0.5997298283803086	0.8798272635469476	0.47356607887520896	0.1326921094200108	0.6461984209399003	0.9194684773677206	0.2423604311357148	0.0	0.28111623773349914	0.47356607887520896	0.9299317373132404	0.006106542528347157	0.811077926946279	0.2942103920443365	0.9929532663841798	0.026735980515988224	1.0	0.0	
14.333333333333341	0.1312068229281716	0.5484665584413317	0.4073514150919447	0.8855294380029588	0.6291568388115701	0.08962817128714523	0.48034901027259214	0.9301130392594638	0.46627982604982915	0.0	0.1874108251556661	0.6291568388115701	0.9099235912432616	0.004149085440967424	0.7850542420740105	0.19614026136289103	0.9718842266522574	0.018113626985807166	1.0	0.0	
14.666666666666675	0.08933650055181064	0.6827236133341559	0.27372532557101237	0.8049072197090599	0.7436346920613277	0.06072928215111893	0.34063283147826284	0.8935142830231507	0.6350829068056034	0.0	0.12494055010377739	0.7436346920613277	0.9017291091398376	0.0030957301450752024	0.7922418648855074	0.13076017424192737	0.8779701712468843	0.012269138761890543	1.0	0.0	
15.000000000000009	0.06387527726598086	0.7730867790719869	0.18329559465758072	0.6386428133111474	0.8243453889846941	0.04217307323822726	0.23645692904976112	0.7692373818521536	0.7527204132540671	0.0	0.08329370006918493	0.8243453889846941	0.9012352770694696	0.004005288385915152	0.8128195688562397	0.08717344949461825	0.6950092019859911	0.00832236913052263	1.0	0.0	
15.333333333333343	0.05978517032568118	0.8161739907027351	0.12256974872508797	0.46546809331429784	0.8801205637607108	0.03403993743893932	0.16243947020991867	0.5902663538373728	0.8330467255803768	0.0	0.05552913337945663	0.8801205637607108	0.9042657285886748	0.012892942841607698	0.8348974990283455	0.05811563299641216	0.5049617329965207	0.005734692070952188	1.0	0.0	
15.666666666666677	0.1070129788734965	0.7844134326465849	0.081984661700793	0.32668009117911323	0.9180007239724256	0.04793315551259186	0.11097002019783506	0.42479361774404223	0.8874806159824814	0.0	0.037019422252971085	0.9180007239724256	0.9084752644379324	0.053996216973689004	0.8518118087749971	0.038743755330941446	0.3534524203111412	0.0044730413538162615	1.0	0.0	
16.00000000000001	0.24435940231906372	0.6461974732559442	0.05524638473820001	0.2254476035167295	0.942006303522636	0.12304447192462747	0.0755632943079175	0.2969227767325525	0.9242357084255163	0.0	0.024679614835314057	0.942006303522636	0.9127220583169255	0.1736384489127235	0.8544023140136513	0.025829170220627633	0.24342663717198842	0.006946106197873196	1.0	0.0	
16.333333333333343	0.4273065219793625	0.46452428088737874	0.03978275808772968	0.1543117672508849	0.944390288300795	0.2837491542452065	0.05135010257502445	0.2047178983862164	0.948990944459202	0.0	0.016453076556876035	0.944390288300795	0.9165437497242737	0.35572479398328993	0.8162363372122485	0.017219446813751756	0.16638736986566627	0.041210292667952085	1.0	0.0	
16.666666666666675	0.590408318759625	0.31724577295011813	0.04343260219327495	0.10515689172520132	0.8438714630363354	0.4680730283137916	0.03484952685200321	0.14015745797991952	0.9655178420380669	0.0	0.010968717704584026	0.8438714630363354	0.9199736828283536	0.5293110301871459	0.7004307336306745	0.01147963120916784	0.11348696895491767	0.21495920694418008	1.0	0.0	
17.000000000000007	0.7145938897696824	0.21371229289443588	0.10784097161499083	0.0716971766831084	0.6284110722222056	0.6229784555065201	0.02362951588932069	0.09558327713486234	0.9752520874552536	0.0	0.007312478469722683	0.6284110722222056	0.924061508675311	0.6633088674322801	0.537676109143389	0.0076530874727785605	0.0785505987248159	0.4357853246298081	1.0	0.0	
17.33333333333334	0.803531116011434	0.14329167433089546	0.27190284090134476	0.05035941098580965	0.4384190309185455	0.7383643831196366	0.016011202928587282	0.06503489524323819	0.9743494378786139	0.0	0.004874985646481789	0.4384190309185455	0.932253086045776	0.7577873515863216	0.3875021463314968	0.005102058315185707	0.06533720362926895	0.6097211659557262	1.0	0.0	
17.66666666666667	0.8654456896922536	0.09587613581079155	0.46365564933675807	0.037610816200315936	0.2999702746727432	0.820289364502453	0.010843591266405939	0.044186718897628	0.945164538926449	0.0	0.0032499904309878595	0.2999702746727432	0.9453334676254882	0.8184500854932354	0.2711804554246256	0.0034013722101238044	0.15157610998132764	0.7332803321549323	1.0	0.0	
18.000000000000004	0.9079227989338617	0.06408398987367173	0.6225105387409589	0.02874158659656255	0.20372017358975542	0.8772295612035351	0.007340860342951901	0.029994437442918402	0.847885744812725	0.0	0.00216666028732524	0.20372017358975542	0.9582255205887591	0.8021411429713551	0.18712362869098303	0.0022675814734158697	0.3662911375680449	0.8183810378603131	1.0	0.0	
18.333333333333336	0.9369423329473936	0.0428062371974445	0.7393803391556861	0.02172884455462582	0.13787433258966783	0.9163871559626738	0.004967924227117483	0.020348341086020988	0.6782955647799406	0.0	0.0014444401915501598	0.13787433258966783	0.9678905535838852	0.6092862831435205	0.1281793702088986	0.0015117209822772468	0.5579767092895075	0.8744924670925597	1.0	0.0	
18.666666666666668	0.9567751093375224	0.02857955718088398	0.8216802356436377	0.016199644156025574	0.09314030341889795	0.943160871686727	0.003361066614092134	0.013798811172332733	0.4996228735352518	0.0	9.629601277001065E-4	0.09314030341889795	0.973431009741172	0.42434567205695406	0.08744001431256798	0.001007813988184831	0.6976915890196367	0.8946173998976785	1.0	0.0	
19.0	0.9703420830339489	0.01907408174739955	0.8785622862841215	0.012257064502257171	0.06285498809091572	0.961405971115645	0.0022733550239800587	0.009354769553546326	0.35322894788209225	0.0	6.419734184667377E-4	0.06285498809091572	0.9750051267606809	0.28954753738628436	0.05949936945889757	6.718759921232208E-4	0.7947703185728168	0.8383573675104592	1.0	0.0	
19.333333333333332	0.9796137222745349	0.012726782667085271	0.9175194809037249	0.011013201878482095	0.0423910502457	0.9738138474779924	0.0015372879701223835	0.006340718418509627	0.24495711741786524	0.0	4.2798227897782514E-4	0.0423910502457	0.9733335562301374	0.19618377324674457	0.04042155036233619	4.479173280821472E-4	0.8611514604637768	0.6834591847376651	1.0	0.0	
19.666666666666664	0.9858632984068076	0.008491023040468428	0.9440688717244223	0.018305914069520667	0.028579051204602093	0.9822411877233476	0.0010393174628257245	0.004297151845789106	0.16823884251997473	0.0	2.8532151931855013E-4	0.028579051204602093	0.969402440018941	0.13250835075209327	0.027430749149911345	2.986115520547648E-4	0.9062314188843239	0.5046957976530495	1.0	0.0	
19.999999999999996	0.9896065352649218	0.005667928336489873	0.9621090458894028	0.05774549118121905	0.019263083727754475	0.9879602384965039	7.025087212617642E-4	0.00291188829727829	0.11494396355959849	0.0	1.9021434621236674E-4	0.019263083727754475	0.9642217734324474	0.08935424305250417	0.018600473862344993	1.990743680365099E-4	0.9367405268608593	0.3562918572454694	1.0	0.0	
20.33333333333333	0.9886823537454158	0.0037935200677772915	0.9743385803724927	0.17626293527075737	0.012982231394197033	0.9918392576605285	4.747555156466381E-4	0.001973014007352551	0.07829317530547422	0.0	1.2680956414157782E-4	0.012982231394197033	0.958640447310453	0.06019827863977499	0.012605557063620345	1.3271624535767326E-4	0.9573492374488735	0.24661371620050376	1.0	0.0	
20.66666666666666	0.9545490618178684	0.0025567607070487415	0.9825755815560392	0.3598902120417599	0.008748729877761416	0.9944693078488784	3.2077952036611574E-4	0.0013367594776847623	0.05322930670909806	0.0	8.453970942771854E-5	0.008748729877761416	0.9532584130056162	0.04053317905321836	0.008539353895055609	8.84774969051155E-5	0.9712546919315066	0.1690890560258108	1.0	0.0	
20.999999999999993	0.7784660691891889	0.0017377135872357632	0.9876525249361204	0.5368126887463343	0.005895630557224208	0.9962521058308023	2.1670280470976837E-4	9.056239922726212E-4	0.036145865207676244	0.0	5.63598062851457E-5	0.005895630557224208	0.9484256579184364	0.027282665525018943	0.005783546622248271	5.898499793674366E-5	0.9806302502020383	0.11535449224690408	1.0	0.0	
21.333333333333325	0.5574869533291744	0.001188126952113783	0.9860667215762732	0.6755504343954369	0.003972982774912997	0.9974603935626706	1.4636805462447749E-4	6.135027076323206E-4	0.02452573635047163	0.0	3.757320419009714E-5	0.003972982774912997	0.9442615037067319	0.018359802903775944	0.003916931167937738	3.932333195782911E-5	0.9869429414497063	0.07846994101336097	1.0	0.0	
21.666666666666657	0.3844762393439186	8.152288659100111E-4	0.9574640518049166	0.7759114745924587	0.002677392146949616	0.9982792190875651	9.884489627372435E-5	4.155854439130242E-4	0.016632194675855423	0.0	2.504880279339809E-5	0.002677392146949616	0.9403934041208797	0.012353530662639563	0.0026529680308902174	2.6215554638552736E-5	0.9911321404230923	0.05328561783969828	1.0	0.0	
21.99999999999999	0.26190948963790905	5.604499534538313E-4	0.8499066844761198	0.845424546300818	0.0018043522285244532	0.9988340749922131	6.674065865323387E-5	2.815011353175454E-4	0.011274837603402314	0.0	1.6699201862265392E-5	0.0018043522285244532	0.9344639529772943	0.008312064576939227	0.0017971477855976202	1.7477036425701826E-5	0.9935438116302185	0.03614345101105393	1.0	0.0	
22.33333333333332	0.17752499536169886	3.856690743589433E-4	0.6652500383604056	0.8897550331148765	0.0012160407232006077	0.9992100395494056	4.505644979309471E-5	1.9066730114214247E-4	0.0076409834563704385	0.0	1.1132801241510261E-5	0.0012160407232006077	0.9161420589375274	0.005596640810902612	0.0012176417733560894	1.1651357617134552E-5	0.992909445389478	0.02449774166014377	1.0	0.0	
22.666666666666654	0.12011971506599065	2.654854118612782E-4	0.4819719693933878	0.9055723853527636	8.195862316466764E-4	0.999464780109691	3.041273807118521E-5	1.2913635452126268E-4	0.005177215023416512	0.0	7.421867494340174E-6	8.195862316466764E-4	0.857699617392545	0.0037918620636387774	8.251814940811574E-4	7.767571744756369E-6	0.9813545423456475	0.016596076180075248	1.0	0.0	
22.999999999999986	0.08151423425880719	1.827118737107555E-4	0.3374168452302745	0.8665021101068505	5.524111212060428E-4	0.9996373790707992	2.052522269256673E-5	8.745746292942983E-5	0.003507285102145768	0.0	4.947911662893449E-6	5.524111212060428E-4	0.7311722164672567	0.0026921511265535943	5.593433489502985E-4	5.178381163170913E-6	0.9284222251022567	0.011240226396170536	1.0	0.0	
23.333333333333318	0.056672920338661475	1.255928608591067E-4	0.2326527968132301	0.7387307748119659	3.723508510716165E-4	0.9997543209294252	1.3850188474620088E-5	5.922717070502098E-5	0.0023756771190768964	0.0	3.2986077752623E-6	3.723508510716165E-4	0.564217676216	0.002514416776195089	3.79233442875E-4	3.4522541087806094E-6	0.7894825252791	0.0076173468659112824	1.0	0.0	
23.66666666666665	0.045449477178362736	8.607455813629773E-5	0.15936484031135173	0.56359766678033	2.509949922166758E-4	0.9998335519710394	9.34459559641859E-6	4.0107030696073275E-5	0.0016089945711268822	0.0	2.1990718501748666E-6	2.509949922166758E-4	0.40927611245810236	0.004828821545489273	2.5717358045912545E-4	2.301502739187073E-6	0.6007632101064158	0.005193733723219351	1.0	0.0	
23.999999999999982	0.0614680658544846	5.8731112285399746E-5	0.10932613285330645	0.40484297466712715	1.6920019968906985E-4	0.9998872323311188	6.303820951824286E-6	2.7157830234417976E-5	0.0010896301521520703	0.0	1.4660479001165777E-6	1.6920019968906985E-4	0.28787577262482644	0.015120081346659545	1.7442823939663497E-4	1.5343351594580488E-6	0.43043791985384305	0.00368892733099055	1.0	0.0	
24.333333333333314	0.14611495111337436	3.988414333023249E-5	0.07771814685422164	0.28300688144378705	1.1406698534767936E-4	0.9999236012847614	4.251940772314406E-6	1.838841424982556E-5	7.378459584729082E-4	0.0	9.77365266744385E-7	1.1406698534767936E-4	0.1994783260555142	0.04761789911740055	1.1831669531183145E-4	1.0228901063053658E-6	0.30028417900245397	0.0032369229531231045	1.0	0.0	
24.666666666666647	0.3123878364310213	2.6967987223235738E-5	0.07637828916186848	0.19568887372106575	7.690284116261973E-5	0.9999482413499162	2.8675560592939325E-6	1.24499543826136E-5	4.99594657991109E-4	0.0	6.515768444962568E-7	7.690284116261973E-5	0.13737009378264353	0.12277066357791667	8.025636741238178E-5	6.819267375369106E-7	0.20729142818036161	0.005453982079803877	1.0	0.0	
24.99999999999998	0.49283602000967497	1.816893516304178E-5	0.19743970625112206	0.1372170623066802	5.184992149425128E-5	0.9999649348985966	1.933656578927881E-6	8.428788316656622E-6	3.3825011651777417E-4	0.0	4.3438456299750457E-7	5.184992149425128E-5	0.09583310428056663	0.24215697672003975	5.4435970362500696E-5	4.546178250246071E-7	0.14508824091944328	0.020504707433468022	1.0	0.0	
25.33333333333331	0.6405042534526751	1.2207658223739511E-5	0.4105826507383411	0.13572769426477757	3.496045116573365E-5	0.9999762446020511	1.3037393918762846E-6	5.706056814173757E-6	2.289961759649345E-4	0.0	2.89589708665003E-7	3.496045116573365E-5	0.08671277966128281	0.37728297410694284	3.69181727460048E-5	3.030785500164047E-7	0.14654974495687711	0.09571980831984243	1.0	0.0	
25.666666666666643	0.7394519503537338	8.20220550363639E-6	0.5901024563127446	0.2406797890585841	2.3573769377843322E-5	0.999983906729373	8.789162561592363E-7	3.86260472481415E-6	1.5502089529256016E-4	0.0	1.930598057766687E-7	2.3573769377843322E-5	0.17278897561154818	0.46606919103415434	2.5033651455256265E-5	2.0205236667760316E-7	0.33009517148271716	0.2701544216474774	1.0	0.0	
25.999999999999975	0.7454584000504287	5.538259998819305E-6	0.7191119580179617	0.26768159622611826	1.5896589093554636E-5	0.999989097632256	5.924486078053537E-7	2.614552524384202E-6	1.0493620308844786E-4	0.0	1.287065371844458E-7	1.5896589093554636E-5	0.32855137762517916	0.38530886839003387	1.6972266275021346E-5	1.347015777850688E-7	0.5281241513731462	0.446588195153911	1.0	0.0	
26.333333333333307	0.7261412401989862	3.7438819001757964E-6	0.8054913591010101	0.22414137743539744	1.0720168207786227E-5	0.9999926143020068	3.9930202810646006E-7	1.7696489464429655E-6	7.102883906849527E-5	0.0	8.580435812296387E-8	1.0720168207786227E-5	0.48084586192177603	0.27620800439956	1.1505980371788016E-5	8.980105185671255E-8	0.676402286296122	0.510711149300487	1.0	0.0	
26.66666666666664	0.7494680639266825	2.5262960059939894E-6	0.861818182988447	0.18369425196524217	7.229725124254529E-6	0.9999949967044761	2.69092210989931E-7	1.197703348163495E-6	4.807501054688806E-5	0.0	5.720290541530925E-8	7.229725124254529E-6	0.6036325401179727	0.191290562825568	7.79981837673339E-6	5.986736790447504E-8	0.7799736670551808	0.45246809635113905	1.0	0.0	
26.99999999999997	0.7911386292420408	1.7016371167190212E-6	0.9008690678148722	0.18132711108224758	4.87600670124504E-6	0.9999966106662256	1.8132204625333543E-7	8.105570034496147E-7	3.2537209276464556E-5	0.0	3.813527027687284E-8	4.87600670124504E-6	0.6956976265289114	0.1309224584536049	5.2870114743599605E-6	3.9911578602983364E-8	0.8508619790886467	0.34778365086406343	1.0	0.0	
27.333333333333304	0.8202010682772604	1.1461099085426282E-6	0.9290223320350427	0.2531401239943211	3.288735163857334E-6	0.9999977040323015	1.2216618996248222E-7	5.485166407719135E-7	2.202005102034137E-5	0.0	2.542351351791523E-8	3.288735163857334E-6	0.7628287306866025	0.08913566186850988	3.5833499480570684E-6	2.6607719068655576E-8	0.8990440902552901	0.2511779660744053	1.0	0.0	
27.666666666666636	0.788844085859737	7.744905603815579E-7	0.9489382998531954	0.3970442777920145	2.2182749699211616E-6	0.9999984447144554	8.230067710225457E-8	3.7116567769665447E-7	1.4901646634825718E-5	0.0	1.6949009011943487E-8	2.2182749699211616E-6	0.8111707870224816	0.06052054342383406	2.428410601760125E-6	1.7738479379103717E-8	0.931700046504851	0.17649745291234048	1.0	0.0	
27.999999999999968	0.6369366051035197	5.262551425630008E-7	0.9609676505916335	0.5530288993596844	1.4963165727941814E-6	0.9999989464695274	5.5438151676756205E-8	2.5114087301130985E-7	1.0083908311641878E-5	0.0	1.129933934129566E-8	1.4963165727941814E-6	0.8456881456065997	0.04102770722556698	1.6456317346799943E-6	1.1825652919402477E-8	0.9537952889917389	0.12238395969235069	1.0	0.0	
28.3333333333333	0.4585078828690101	3.5926316957786653E-7	0.9565419745405318	0.6822667451928274	1.0093760101378085E-6	0.999999286364655	3.733945684219828E-8	1.6991762514619698E-7	6.823433067182051E-6	0.0	7.532892894197106E-9	1.0093760101378085E-6	0.8699912321109801	0.02778713087259984	1.1152165079904765E-6	7.883768612934986E-9	0.9687029130702843	0.08426195684055443	1.0	0.0	
28.666666666666632	0.31781835948119175	2.4600951563265267E-7	0.9002104879233099	0.7779263161889879	6.809317827988044E-7	0.9999995166101056	2.514676392762182E-8	1.1495576867840922E-7	4.6169705652488835E-6	0.0	5.021928596131404E-9	6.809317827988044E-7	0.8857252520112924	0.01880893229783285	7.558473456903369E-7	5.255845741956658E-9	0.9785775647586302	0.05777792025316848	1.0	0.0	
28.999999999999964	0.21737359945893842	1.6875694833906674E-7	0.7519292417620087	0.8437131927503937	4.593832019277777E-7	0.9999996725760582	1.6933704416332406E-8	7.776681440627959E-8	3.123863682427463E-6	0.0	3.347952397420936E-9	4.593832019277777E-7	0.8894207535738827	0.012729181637601516	5.123636918409947E-7	3.5038971613044386E-9	0.9841741178265039	0.03951878281138879	1.0	0.0	
29.333333333333297	0.14788596147958072	1.1587004512279661E-7	0.5643270318380783	0.8809658788073012	3.0993258040802187E-7	0.9999997782239534	1.140193302962596E-8	5.2605233605732397E-8	2.1135303722865926E-6	0.0	2.2319682649472905E-9	3.0993258040802187E-7	0.8637236600591779	0.008624525850377856	3.4737948668174873E-7	2.3359314408696258E-9	0.9825837889432	0.02698656811929096	1.0	0.0	
29.66666666666663	0.10056215121341422	7.957972034812961E-8	0.40146183340737307	0.8764322428721162	2.0911236039913234E-7	0.9999998497861853	7.676486521171354E-9	3.558234984597931E-8	1.4299043721703293E-6	0.0	1.487978843298194E-9	2.0911236039913234E-7	0.7767348003372995	0.005902580138993623	2.355688362977857E-7	1.5572876272464172E-9	0.9573999896948252	0.018409438629402468	1.0	0.0	
29.99999999999996	0.06912167622988574	5.462902119187143E-8	0.2789660623700116	0.7940749569466514	1.4109520547682283E-7	0.9999998982590372	5.167789571064861E-9	2.4066407305501788E-8	9.67360138881053E-7	0.0	9.919858955321294E-10	1.4109520547682283E-7	0.627434644817294	0.004332820374418932	1.5977950068590193E-7	1.0381917514976116E-9	0.8639319987703444	0.01255241518017923	1.0	0.0	
30.333333333333293	0.050844472705573386	3.743079399455336E-8	0.19181254805077358	0.6358235474750187	9.520606455972192E-8	0.9999999310915877	3.478614306028491E-9	1.6276417369816507E-8	6.544141282195918E-7	0.0	6.61323930354753E-10	9.520606455972192E-8	0.46698262555510217	0.004517841109715715	1.0839516659206113E-7	6.92127834331741E-10	0.690517937114521	0.008570559119250615	1.0	0.0	
30.666666666666625	0.051487396393774164	2.5555449773419432E-8	0.13150071059607912	0.4680900658286319	6.424458038262613E-8	0.9999999533298942	2.3413570430105006E-9	1.1007210137323405E-8	4.426913187174051E-7	0.0	4.40882620236502E-10	6.424458038262613E-8	0.3327285746736229	0.00950362430634311	7.354785415484638E-8	4.6141855622116066E-10	0.5067892434001026	0.005924974580343474	1.0	0.0	
30.999999999999957	0.1001464325045732	1.7371193572000104E-8	0.09136051153840255	0.3310145700000915	4.3353845288287425E-8	0.9999999683921337	1.5757585895297086E-9	7.443317799041357E-9	2.9945651168145405E-7	0.0	2.939217468243347E-10	4.3353845288287425E-8	0.23208754131504594	0.028656654566261305	4.9908444110185734E-8	3.0761237081410707E-10	0.35736501950551447	0.004414671764015113	1.0	0.0	
31.33333333333329	0.23563800163972404	1.1757352966218811E-8	0.07214258963419944	0.2299727696747067	2.9257533219843652E-8	0.9999999785937227	1.0604083214540597E-9	5.03299759989135E-9	2.0255896781912358E-7	0.0	1.9594783121622313E-10	2.9257533219843652E-8	0.16027012945600974	0.08107912984673463	3.386791746895332E-8	2.0507491387607142E-10	0.24770514780759023	0.004609744345186007	1.0	0.0	
31.66666666666662	0.41805963733169116	7.928132918104288E-9	0.124885470425438	0.1594754893262988	1.974542368057171E-8	0.9999999855030577	7.135406100233704E-10	3.402967062091938E-9	1.3701075920304108E-7	0.0	1.306318874774821E-10	1.974542368057171E-8	0.1107181844029568	0.18110289922344716	2.2981640999007114E-8	1.3671660925071428E-10	0.17139908809769291	0.010714929904775222	1.0	0.0	
31.999999999999954	0.5820626689265141	5.330207178701977E-9	0.32093155105989957	0.12294193393326044	1.3326422565792375E-8	0.9999999901825047	4.800948924272058E-10	2.3006981554004943E-9	9.267100305809014E-8	0.0	8.708792498498808E-11	1.3326422565792375E-8	0.08317318655534067	0.3129821090881475	1.5592808992850527E-8	9.114440616714286E-11	0.1317481960850464	0.04758127360702699	1.0	0.0	
32.333333333333286	0.7044573039745875	3.5776132441644466E-9	0.5203547270500493	0.20079357550561283	8.994536323137699E-9	0.9999999933516519	3.2299736308060594E-10	1.5553654426012673E-9	6.267863691610603E-8	0.0	5.805861665665872E-11	8.994536323137699E-9	0.1224320644955834	0.4361398437715243	1.0577858191972647E-8	6.076293744476191E-11	0.2426233646785177	0.17883763448959822	1.0	0.0	
32.66666666666662	0.7510587577323143	2.4100456516207473E-9	0.6700801283408294	0.28104222039937027	6.071021300632736E-9	0.9999999954978983	2.172876440315166E-10	1.0514198811275298E-9	4.239183261802643E-8	0.0	3.870574443777248E-11	6.071021300632736E-9	0.2595793702934687	0.42175627118535935	7.174486959180309E-9	4.0508624963174616E-11	0.45124629368522967	0.36877285301805296	1.0	0.0	
32.99999999999996	0.7175314288348461	1.6288815913298745E-9	0.7731372635526435	0.2574920300573229	4.097908033298286E-9	0.9999999969513672	1.4616247497355434E-10	7.107075131321452E-10	2.8670302546613583E-8	0.0	2.580382962518165E-11	4.097908033298286E-9	0.419000779732809	0.31371722089337767	4.865553578985841E-9	2.7005749975449746E-11	0.620772536734795	0.48605342932126916	1.0	0.0	
33.33333333333329	0.7166156084200324	1.099942405634073E-9	0.8396270949300048	0.21024367627629545	2.7661761187583102E-9	0.999999997935652	9.831101372834241E-11	4.803708728000492E-10	1.9389662452734387E-8	0.0	1.7202553083454436E-11	2.7661761187583102E-9	0.5553054794889555	0.21955366254974823	3.2994913249236166E-9	1.8003833316966497E-11	0.7414533957458447	0.47186304513240973	1.0	0.0	
33.66666666666663	0.7529841676720369	7.413498181751423E-10	0.8838850632502243	0.18901239501828251	1.8673009106484303E-9	0.9999999986021889	6.612025093257912E-11	3.246635463956257E-10	1.3112833583671305E-8	0.0	1.146836872230296E-11	1.8673009106484303E-9	0.6597407674747318	0.15090029273726946	2.2373259071258873E-9	1.2002555544644333E-11	0.8245398123196055	0.3791773610616307	1.0	0.0	
33.999999999999964	0.7905031205010805	4.992241080136771E-10	0.9157852289532842	0.23022969657120315	1.2605652798314644E-9	0.9999999990535415	4.4466551987878045E-11	2.1941259784807084E-10	8.86771251789628E-9	0.0	7.645579148201974E-12	1.2605652798314644E-9	0.7364676381314289	0.1029576404683612	1.516931999837123E-9	8.001703696429555E-12	0.8811233465284793	0.2792039501901998	1.0	0.0	
34.3333333333333	0.7877720801725144	3.3679442026843807E-10	0.938938854603432	0.3524411936143764	8.510059817563934E-10	0.9999999993591713	2.9901956357785115E-11	1.482725781540299E-10	5.996748423506703E-9	0.0	5.097052765467982E-12	8.510059817563934E-10	0.7919602251901858	0.0699948150001635	1.0283770780405249E-9	5.334469130953036E-12	0.9195134873472091	0.19798491245286465	1.0	0.0	
34.666666666666636	0.6740146156064039	2.2828052064136953E-10	0.954253720785829	0.508104937932064	5.745340976945574E-10	0.9999999995661202	2.0106364726252742E-11	1.001916313233211E-10	4.05517521916284E-9	0.0	3.3980351769786548E-12	5.745340976945574E-10	0.8317538780846971	0.047491196142623635	6.971114729422976E-10	3.5563127539686908E-12	0.9455129907212534	0.13794662834468077	1.0	0.0	
34.99999999999997	0.49760008806142286	1.5547036472937042E-10	0.9565256561328481	0.6461839990954433	3.878953846984758E-10	0.999999999706246	1.3518727633673555E-11	6.769763230794961E-11	2.742163707798548E-9	0.0	2.2653567846524365E-12	3.878953846984758E-10	0.8599876604808427	0.03218497312790158	4.725518578833926E-10	2.3708751693124605E-12	0.9630839601423978	0.09524784464316902	1.0	0.0	
35.33333333333331	0.3479345286230816	1.0623683950882137E-10	0.9186317767228297	0.7514980992443585	2.61895906463157E-10	0.9999999998011229	9.088808937941473E-12	4.5739037501618475E-11	1.8542465101709276E-9	0.0	1.5102378564349577E-12	2.61895906463157E-10	0.8790537357969566	0.021796516148485597	3.2035244197285414E-10	1.5805834462083072E-12	0.9748313578002158	0.06543176271180562	1.0	0.0	
35.66666666666664	0.23884696321493454	7.27411484617381E-11	0.7927817841313483	0.8256791990760779	1.7683074555302769E-10	0.9999999998653606	6.110088667888944E-12	3.090097664318242E-11	1.2538115499116111E-9	0.0	1.006825237623305E-12	1.7683074555302769E-10	0.8873768431691488	0.014756147851093623	2.1720079920322648E-10	1.053722297472205E-12	0.982038687499404	0.044812047826923704	1.0	0.0	
35.99999999999998	0.16278305689084693	4.986178077807486E-11	0.6078787066095263	0.8712798996692237	1.1939922000481862E-10	0.9999999999088524	4.107314108055217E-12	2.0875126524730843E-11	8.4778967042456E-10	0.0	6.712168250822033E-13	1.1939922000481862E-10	0.8719720760453955	0.009995320563872763	1.4728677394323282E-10	7.024815316481367E-13	0.9832069115179938	0.030631130889151134	1.0	0.0	
36.333333333333314	0.11072986634326612	3.419440341679261E-11	0.43668910214625956	0.8799744871588898	8.062310703051021E-11	0.9999999999382971	2.7608237038559574E-12	1.4101259604637012E-11	5.732385347635671E-10	0.0	4.474778833881356E-13	8.062310703051021E-11	0.802617115710917	0.006810752104925776	9.989475569435582E-11	4.683210210987579E-13	0.9668502589178745	0.020911645851403593	1.0	0.0	
36.66666666666665	0.07581492151120253	2.3444976065500732E-11	0.3047939175583283	0.8196605012372832	5.444168658062992E-11	0.9999999999582312	1.855626625296659E-12	9.524859861358737E-12	3.8759161084234525E-10	0.0	2.983185889254237E-13	5.444168658062992E-11	0.6651146931818179	0.004842874155869609	6.776433412935028E-11	3.122140140658386E-13	0.894455602194736	0.014266178686909731	1.0	0.0	
36.999999999999986	0.05430569511932691	1.6052576568524802E-11	0.21000363086955554	0.6749632468165458	3.6763539995346695E-11	0.9999999999717262	1.2471349294353677E-12	6.4332644054360336E-12	2.620628262569233E-10	0.0	1.988790592836158E-13	3.6763539995346695E-11	0.5029804586286901	0.004389552865526925	4.597663213694049E-11	2.0814267604389238E-13	0.7355044730115244	0.009737911417175938	1.0	0.0	
37.33333333333332	0.0490824660522419	1.0957626404690728E-11	0.14400062658537582	0.5046651570372016	2.482655464158621E-11	0.9999999999808618	8.381243448942963E-13	4.34486617843385E-12	1.7718577120739249E-10	0.0	1.3258603952241053E-13	2.482655464158621E-11	0.361245708967208	0.007656877455406096	3.119893178482734E-11	1.387617840292616E-13	0.5482668717904398	0.006696975585699708	1.0	0.0	
37.66666666666666	0.08229510427365058	7.449259186630205E-12	0.09944401880819723	0.3594348823113619	1.6765967538053112E-11	0.999999999987046	5.632160753974298E-13	2.9342275171636947E-12	1.1979672272910744E-10	0.0	8.839069301494035E-14	1.6765967538053112E-11	0.25296860979691216	0.021997302548730398	2.1173138449375114E-11	9.250785601950774E-14	0.38929653862830804	0.0048328953690040385	1.0	0.0	
37.99999999999999	0.19737084526320364	5.0431009782744255E-12	0.07413954710475759	0.25048784187032835	1.1322789484955896E-11	0.9999999999912322	3.784539113304875E-13	1.9814513035649563E-12	8.099421474817751E-11	0.0	5.89271286766269E-14	1.1322789484955896E-11	0.1749997313435964	0.06445095121748878	1.4369517008831106E-11	6.167190401300516E-14	0.2706169141170648	0.004425967004301633	1.0	0.0	
38.33333333333333	0.3758964765738794	3.4015149139832222E-12	0.099208311986102	0.17344329454892093	7.64699390394951E-12	0.9999999999940659	2.542876762652336E-13	1.3379681545088492E-12	5.475910163666451E-11	0.0	3.92847524510846E-14	7.64699390394951E-12	0.12069649860638207	0.15320730013482192	9.751664100990781E-12	4.111460267533677E-14	0.18696653621027498	0.008161886861255884	1.0	0.0	
38.666666666666664	0.5474487458814495	2.287378470051446E-12	0.27131029749252106	0.1262964749833104	5.164638327248682E-12	0.9999999999959839	1.7084950029735804E-13	9.034018400460278E-13	3.702134040946449E-11	0.0	2.6189834967389738E-14	5.164638327248682E-12	0.08679379625904188	0.28037988464662034	6.617096341789319E-12	2.740973511689118E-14	0.13568032853150744	0.03278597747604968	1.0	0.0	
39.0	0.6803988669636956	1.535035303117224E-12	0.4787968568107964	0.17261462912964895	3.4881952159907794E-12	0.999999999997282	1.1478144169886581E-13	6.099444960282817E-13	2.5028900023942692E-11	0.0	1.745988997825983E-14	3.4881952159907794E-12	0.10357381271369591	0.4110039194342002	4.489385168583523E-12	1.827315674459412E-14	0.1979278002786766	0.1377438047454912	1.0	0.0	
39.333333333333336	0.7508615620546666	1.032344089906199E-12	0.6402014150504401	0.2739398359489325	2.355987941274905E-12	0.9999999999981605	7.710938453397123E-14	4.1178439065797726E-13	1.6920977098389638E-11	0.0	1.163992665217322E-14	2.355987941274905E-12	0.22362605211823355	0.4424955514052739	3.0452561369179933E-12	1.218210449639608E-14	0.4046683176358171	0.32452771172489403	1.0	0.0	
39.66666666666667	0.7240139464584664	6.971146726586947E-13	0.7532066296846573	0.2699744662647773	1.5913179666753793E-12	0.9999999999987551	5.1798968757642146E-14	2.7798593646542726E-13	1.1439403559239353E-11	0.0	7.759951101448815E-15	1.5913179666753793E-12	0.3838520354914845	0.3397907670645755	2.0653630367703222E-12	8.121402997597386E-15	0.586122198334934	0.46977513189473485	1.0	0.0	
40.00000000000001	0.7097575458803046	4.706879980229645E-13	0.8268122837585475	0.2216683404457423	1.0748610125125542E-12	0.9999999999991577	3.4793737216093386E-14	1.8765012266901385E-13	7.733496300380058E-12	0.0	5.1733007342992104E-15	1.0748610125125542E-12	0.5270032005215337	0.23964576524164666	1.4006701572183294E-12	5.4142686650649246E-15	0.7172894162977561	0.4859538343421977	1.0	0.0	
40.33333333333334	0.7403675526613537	3.172253287915764E-13	0.8748130002777196	0.19069062812570406	7.260317961705788E-13	0.99999999999943	2.3371319509390264E-14	1.2666404924094312E-13	5.228091894714978E-12	0.0	3.448867156199474E-15	7.260317961705788E-13	0.6385496305416141	0.16515042566691104	9.498210945112963E-13	3.609512443376617E-15	0.8080132204988573	0.40397242331489736	1.0	0.0	
40.66666666666668	0.7811231507447758	2.1353443175129102E-13	0.9089781933988208	0.2132157767605865	4.90422882741621E-13	0.9999999999996144	1.569658573650503E-14	8.549179647934241E-14	3.5343158943998813E-12	0.0	2.29924477079965E-15	4.90422882741621E-13	0.7209925964734606	0.11281288193642636	6.440224718016065E-13	2.4063416289177444E-15	0.8698889420467547	0.30182670304410236	1.0	0.0	
41.000000000000014	0.7939561324911395	1.4387853229145588E-13	0.9339756370311589	0.3178659849234536	3.312796083983951E-13	0.9999999999997391	1.0542244756831052E-14	5.770081112152726E-14	2.3892565061054373E-12	0.0	1.5328298471997668E-15	3.312796083983951E-13	0.7807664967237583	0.07674051380093394	4.3662360211569654E-13	1.6042277526118298E-15	0.9118926916670689	0.21540510427134818	1.0	0.0	
41.33333333333335	0.7108023396890614	9.733330233449707E-14	0.9512153220008147	0.47138589136938663	2.2378357565280547E-13	0.9999999999998235	7.080209393127616E-15	3.8942075422494016E-14	1.6151586177901986E-12	0.0	1.0218865647998446E-15	2.2378357565280547E-13	0.8237146145830406	0.05208514532082563	2.9598377908509706E-13	1.0694851684078866E-15	0.9403503348408286	0.15055319916050303	1.0	0.0	
41.666666666666686	0.538045932267473	6.615948425203198E-14	0.957830697644569	0.6161005198312816	1.5117196847645225E-13	0.9999999999998805	4.755840722842161E-15	2.6278392421156342E-14	1.0918520519231467E-12	0.0	6.812577098665632E-16	1.5117196847645225E-13	0.8542987329515392	0.035304849844256136	2.0063799276575952E-13	7.129901122719245E-16	0.9595967586817794	0.1041257169513149	1.0	0.0	
42.00000000000002	0.37926706653515196	4.5127891239886114E-14	0.933750179068996	0.7293498172686944	1.0212204019932032E-13	0.9999999999999192	3.1924973192274403E-15	1.7732274777182723E-14	7.380873727502782E-13	0.0	4.541718065777088E-16	1.0212204019932032E-13	0.8753999596458437	0.023911766196988322	1.360108438099956E-13	4.753267415146164E-16	0.9725255422914378	0.0715992327632152	1.0	0.0	
42.33333333333336	0.26113154137968153	3.085132959697292E-14	0.830504251664499	0.8105613518639663	6.898894301076146E-14	0.9999999999999454	2.1442465065694434E-15	1.1965181295947519E-14	4.989386730094871E-13	0.0	3.0278120438513927E-16	6.898894301076146E-14	0.8867770976934688	0.016188324520107	9.22099046206834E-14	3.1688449434307757E-16	0.980768443595675	0.049064627857058216	1.0	0.0	
42.66666666666669	0.1781857554843581	2.111812466829213E-14	0.6519526639929922	0.863053922883634	4.6606860119155786E-14	0.999999999999963	1.4393907545492624E-15	8.072707427203927E-15	3.3727381071646735E-13	0.0	2.0185413625675951E-16	4.6606860119155786E-14	0.8790813371033648	0.010961789397883857	6.25223667325026E-14	2.1125632956205172E-16	0.9837899020700476	0.0335504012298156	1.0	0.0	
43.00000000000003	0.12121129068136541	1.4463719767346502E-14	0.4735334733985964	0.8823615257837261	3.148803998875792E-14	0.999999999999975	9.656157132810244E-16	5.445464793140552E-15	2.2798918582134454E-13	0.0	1.3456942417117303E-16	3.148803998875792E-14	0.8253628635922561	0.007449755336952401	4.239947157673174E-14	1.408375530413678E-16	0.9737187691316598	0.022909984808099526	1.0	0.0	
43.333333333333364	0.08274621280453023	9.905721892889688E-15	0.3321154855810169	0.8419219085143637	2.1273334337908518E-14	0.9999999999999831	6.476150154421338E-16	3.674183536759034E-15	1.5411550216004942E-13	0.0	8.971294944744868E-17	2.1273334337908518E-14	0.7017784362836389	0.005202230309996532	2.875881788930955E-14	9.389170202757854E-17	0.9193524791644692	0.01563094334755977	1.0	0.0	
43.6666666666667	0.05818898335814736	6.7771586235944E-15	0.22932960252476947	0.7138587974847845	1.4371912014756785E-14	0.9999999999999886	4.3389401395482113E-16	2.477414405420205E-15	1.0417816521463071E-13	0.0	5.980863296496579E-17	1.4371912014756785E-14	0.5402318036643717	0.004298146881051435	1.9509770366771318E-14	6.25944680183857E-17	0.7784100571341975	0.010665391601067182	1.0	0.0	
44.000000000000036	0.048201644758563124	4.6239187291381496E-15	0.15732692834062098	0.5433221449537932	9.709024493912407E-15	0.9999999999999922	2.9141334629661273E-16	1.671395770619404E-15	7.042163232637831E-14	0.0	3.9872421976643855E-17	9.709024493912407E-15	0.39154086043628933	0.006302185168885109	1.3237925705003925E-14	4.1729645345590464E-17	0.5908122716904869	0.007310862605584091	1.0	0.0	
44.33333333333337	0.06871674887016264	3.1445517915019808E-15	0.10823906370844394	0.39016655456252314	6.5604303452722705E-15	0.9999999999999948	1.9642623452447377E-16	1.1263076009093014E-15	4.760198879764425E-14	0.0	2.6581614651095904E-17	6.5604303452722705E-15	0.27539657055380534	0.016915900290844013	8.982712871252739E-15	2.781976356372697E-17	0.42293010466268266	0.005173351013612087	1.0	0.0	
44.66666666666671	0.1622460046952217	2.1281977818369535E-15	0.07793872746181446	0.27288427190995396	4.4312581949379305E-15	0.9999999999999964	1.3310149334304777E-16	7.590442811811157E-16	3.217726715167102E-14	0.0	1.7721076434063934E-17	4.4312581949379305E-15	0.19090896424499	0.05078966953521258	6.096008763838428E-15	1.8546509042484646E-17	0.2950181403918717	0.004333128408845794	1.0	0.0	
45.00000000000004	0.33257686398181185	1.436864151969184E-15	0.08315543608870103	0.18894612241229947	2.9941745980358352E-15	0.9999999999999976	8.873432889536517E-17	5.120513977022598E-16	2.1748734073601735E-14	0.0	1.1814050956042624E-17	2.9941745980358352E-15	0.13161384147634483	0.1280694994409079	4.1358382314718015E-15	1.236433936165643E-17	0.20381536919276483	0.006508692390218359	1.0	0.0	
45.33333333333338	0.5102695632881976	9.66081981887704E-16	0.22138440853624536	0.1337569598164049	2.0240751129380722E-15	0.9999999999999983	5.915621926357677E-17	3.4523880505629073E-16	1.470045879164995E-14	0.0	7.876033970695083E-18	2.0240751129380722E-15	0.09253186630386029	0.2487005231641718	2.8049703689013174E-15	8.242892907770953E-18	0.14386532355361448	0.022775097358565206	1.0	0.0	
45.666666666666714	0.6532801172828138	6.479258611799202E-16	0.43347714931966563	0.14673500536579667	1.36744903936993E-15	0.9999999999999988	3.9437479509051187E-17	2.3230987369759246E-16	9.93579809168409E-15	0.0	5.2506893137967225E-18	1.36744903936993E-15	0.0907447540775887	0.38271402770336654	1.901810166769845E-15	5.495261938513969E-18	0.1618403204704435	0.10268381365086676	1.0	0.0	
46.00000000000005	0.7440481980250407	4.358217807080643E-16	0.6070062479651319	0.2578653214260318	9.236764467429855E-16	0.9999999999999991	2.6291653006034126E-17	1.5702391945846027E-16	6.715483950374844E-15	0.0	3.500459542531149E-18	9.236764467429855E-16	0.18865491515073946	0.4560071996254391	1.2898102818458958E-15	3.663507959009313E-18	0.3557718399094465	0.2793174435954544	1.0	0.0	
46.333333333333385	0.7339660701887268	2.944190603934937E-16	0.7306690860372634	0.27846056773804023	6.2567738133162405E-16	0.9999999999999993	1.752776867068942E-17	1.0683328329903879E-16	4.538928605659777E-15	0.0	2.333639695020766E-18	6.2567738133162405E-16	0.3466889817697696	0.3666577730605526	8.757884816484137E-16	2.4423386393395417E-18	0.5484079618448032	0.4473698927816159	1.0	0.0	
46.66666666666672	0.7085528833282497	2.0015058018378E-16	0.8124693513589719	0.232298882272862	4.252908014626641E-16	0.9999999999999994	1.1685179113792948E-17	7.33728591927578E-17	3.067675408111785E-15	0.0	1.5557597966805107E-18	4.252908014626641E-16	0.4962129689459302	0.26131528893486716	5.937520712685761E-16	1.6282257595596946E-18	0.6907415267920738	0.4954667985189205	1.0	0.0	
47.00000000000006	0.7315363220912915	1.3558439044925192E-16	0.8651553006856094	0.19376178738749117	2.916997482166908E-16	0.9999999999999997	7.790119409195299E-18	4.891523946183853E-17	2.0730756529887054E-15	0.0	1.037173197787007E-18	2.916997482166908E-16	0.6152663908538447	0.18069192316518906	4.018565910939002E-16	1.085483839706463E-18	0.7898017758506619	0.4287575977289817	1.0	0.0	
47.33333333333339	0.773426901724495	9.254026395956657E-17	0.9019649184868476	0.19979014747338128	1.9661716913785919E-16	0.9999999999999998	5.193412939463532E-18	3.261015964122569E-17	1.4018366023317377E-15	0.0	6.9144879852467135E-19	1.9661716913785919E-16	0.7039766408855346	0.12360497709194437	2.717756006507176E-16	7.236558931376419E-19	0.8575025789779666	0.32605700070714877	1.0	0.0	
47.66666666666673	0.7976691224806501	6.384417963310965E-17	0.9289293409865981	0.2847264028159161	1.3322878308530474E-16	0.9999999999999999	3.4622752929756882E-18	2.174010642748379E-17	9.483220249789094E-16	0.0	4.609658656831142E-19	1.3322878308530474E-16	0.7684916727478266	0.08414120506380822	1.850549403552626E-16	4.824372620917612E-19	0.9034938179987136	0.2344801586689489	1.0	0.0	
48.000000000000064	0.7451343765138967	4.471345674880503E-17	0.9480078898741958	0.43272204591651076	9.096985905026842E-17	0.9999999999999999	2.308183528650459E-18	1.4493404284989195E-17	6.403872305608543E-16	0.0	3.073105771220762E-19	9.096985905026842E-17	0.8149322826000264	0.05713006804983818	1.2552063056357367E-16	3.216248413945075E-19	0.9346649189232656	0.16447670072186044	1.0	0.0	
48.3333333333334	0.5826896803371613	3.195964149260196E-17	0.9580698382119645	0.5832169185812239	6.279724302691089E-17	0.9999999999999999	1.538789019100306E-18	9.66226952332613E-18	4.329466972887523E-16	0.0	2.0487371808138413E-19	6.279724302691089E-17	0.8480914485983044	0.0387328873839394	8.583109070244773E-17	2.1441656092967169E-19	0.9557575871768569	0.11396842288928435	1.0	0.0	
48.666666666666735	0.4151478758559083	2.3457097988466575E-17	0.9452468884541555	0.70473520036064	4.40154990113392E-17	0.9999999999999999	1.0258593460668708E-18	6.441513015550754E-18	2.9250233811395234E-16	0.0	1.3658247872092277E-19	4.40154990113392E-17	0.8712871287677966	0.026236722688779926	5.937139746169709E-17	1.4294437395311446E-19	0.9699695570857051	0.07844944105669052	1.0	0.0	
49.00000000000007	0.2868987471296691	1.778873565237632E-17	0.8658089139921421	0.7934535498865725	3.14943363342914E-17	0.9999999999999999	6.839062307112472E-19	4.29434201036717E-18	1.9715222906936684E-16	0.0	9.105498581394853E-20	3.14943363342914E-17	0.8853541191145222	0.017762980572192666	4.1731601967863335E-17	9.529624930207632E-20	0.9792511374330679	0.05379219682389848	1.0	0.0	
49.33333333333341	0.19605580458908595	1.400982742831615E-17	0.699241722490359	0.8529255760917679	2.3146894549592867E-17	0.9999999999999999	4.559374871408315E-19	2.8628946735781132E-18	1.3358548970630984E-16	0.0	6.07033238759657E-20	2.3146894549592867E-17	0.8841382000987569	0.012025610368630962	2.782106797857555E-17	6.353083286805088E-20	0.9838192629332052	0.0367971126881778	1.0	0.0	
49.66666666666674	0.13340345966245104	1.1490555278942703E-17	0.5151396802829	0.8818304045677935	1.758193335979385E-17	0.9999999999999999	3.039583247605544E-19	1.9085964490520757E-18	9.120766346427183E-17	0.0	4.046888258397713E-20	1.758193335979385E-17	0.8451517882622787	0.008158702316614965	1.85473786523837E-17	4.235388857870059E-20	0.9786184353957345	0.025132886975200608	1.0	0.0	
50.00000000000008	0.09088678155705013	9.811040512693739E-18	0.36354413224448084	0.8601406135479261	1.387195923326117E-17	0.9999999999999999	2.0263888317370295E-19	1.2723976327013837E-18	6.295577930291316E-17	0.0	2.6979255055984753E-20	1.387195923326117E-17	0.7385340395162305	0.005628647215885874	1.2364919101589134E-17	2.823592571913373E-20	0.9400774005504839	0.017149404645799567	1.0	0.0	
50.333333333333414	0.06309024029703753	8.691364001861096E-18	0.25173483242177236	0.7529522699293816	1.139864314890605E-17	0.9999999999999999	1.3509258878246865E-19	8.482650884675892E-19	4.412118986200738E-17	0.0	1.798617003732317E-20	1.139864314890605E-17	0.580908802890867	0.004336918253256351	8.243279401059423E-18	1.882395047942249E-20	0.8212002389942193	0.011698772009046763	1.0	0.0	
50.66666666666675	0.048866805143894285	7.944912994639334E-18	0.1728607369227343	0.5859420409425644	9.74976575933597E-18	0.9999999999999999	9.00617258549791E-20	5.655100589783928E-19	3.1564796901403527E-17	0.0	1.1990780024882114E-20	9.74976575933597E-18	0.42587841554204864	0.005317906774892133	5.495519600706282E-18	1.2549300319614995E-20	0.6375495562555875	0.008001662383693962	1.0	0.0	
51.000000000000085	0.058696559769347116	7.447278989824827E-18	0.11866214940235403	0.42525467160392827	8.65051416628925E-18	0.9999999999999999	6.004115056998607E-20	3.7700670598559523E-19	2.3193868261000955E-17	0.0	7.99385334992141E-21	8.65051416628925E-18	0.3012223734725646	0.012847196166387787	3.663679733804188E-18	8.366200213076662E-21	0.46122584524236687	0.005584905310426774	1.0	0.0	
51.33333333333342	0.12991361858691314	7.115522986615155E-18	0.08360840875228731	0.29882783760463144	7.91767977092477E-18	0.9999999999999999	4.002743371332405E-20	2.513378039903968E-19	1.5462578840667303E-17	0.0	5.329235566614274E-21	7.91767977092477E-18	0.20937159352327367	0.03896818063197334	2.442453155869459E-18	5.5774668087177744E-21	0.3232056370234263	0.004370610777146153	1.0	0.0	
