0.0	0.0	0.0	0.0	0.0	0.0	0.0	0.0	0.0	0.0	0.0	0.0	0.0	0.0	0.0	0.0	0.0	0.0	0.0	0.0	0.0	
0.3333333333333333	0.3333333333333333	0.0	0.0	0.0	0.3333333333333333	0.3333333333333333	0.0	0.0	0.0	0.0	0.0	0.3333333333333333	0.0	0.3099654278182973	0.0	0.0	0.0	0.0	1.0	0.0	
0.6666666666666666	0.5555555555555556	0.0	0.16666666666666666	0.0	0.38888888888888884	0.5555555555555556	0.0	0.0	0.2447311406503798	0.061896355665452006	0.0	0.38888888888888884	0.0	0.5166090463638288	0.0	0.0	0.0	0.14419982094926442	1.0	0.0	
1.0	0.7037037037037037	0.0	0.4112306092506325	0.01598727988775345	0.29247309445307107	0.7037037037037037	0.0	0.0	0.4402022251670076	0.2917719813848059	0.0014985869205469229	0.29247309445307107	0.11531872776145946	0.6543714587275165	0.0	0.004887990175151768	0.03321383519381187	0.38432192695430045	1.0	0.0	
1.3333333333333333	0.8016404331689494	1.2631366123436863E-4	0.5972684858246838	0.03629177653268155	0.2052006499777852	0.8024691358024691	5.09760239736626E-5	0.0	0.5043504233036137	0.5095821567074439	0.023732778212241373	0.2052006499777852	0.36844565825404085	0.7321962193347994	2.293338141732367E-4	0.12993547781181075	0.25500392112944176	0.57436856706236	1.0	0.0	
1.6666666666666665	0.8654968021416435	2.6330758845296095E-4	0.7270490464166439	0.03829322410088223	0.1412154293038106	0.8683127572016461	9.654536152949183E-4	2.290964175053433E-6	0.4509773655994693	0.665980291566196	0.13735132610181108	0.1412154293038106	0.5629701890804805	0.6096879159500059	0.01915349918257645	0.3722550071966426	0.47945712908943383	0.7081513578724907	1.0	0.0	
1.9999999999999998	0.9078985967561116	2.953601143660609E-4	0.8156540726301127	0.032596826883452265	0.09642692321282587	0.9122084018850335	0.011761297604476938	4.527018840281742E-5	0.35073033032524387	0.7704259193390384	0.337385235824297	0.09642692321282587	0.696524504132926	0.4339881139866454	0.21460766082953925	0.5676658221977785	0.644526007627962	0.7837922955216581	1.0	0.0	
2.333333333333333	0.9366337306200055	2.6295210642226575E-4	0.8756944300814467	0.026101300921974394	0.06558824960961016	0.9414702334937384	0.08283240192815283	6.170416917242186E-4	0.2554698558186359	0.8375624023526965	0.5259712250588651	0.06558824960961016	0.7850423250145764	0.30002302159644667	0.44609766335751044	0.7059130570953192	0.759109747732097	0.770728964924981	1.0	0.0	
2.6666666666666665	0.9562727866501857	2.1001213845457239E-4	0.9162466591474762	0.02259754522190734	0.0445139197858115	0.96095228498848	0.23622898558836103	0.008345166930907954	0.1805359050085965	0.8794849927529097	0.6701242197056895	0.0445139197858115	0.8423365000832727	0.20525127111701236	0.620642966333908	0.8007814696683228	0.8373082516356014	0.6484166596901646	1.0	0.0	
3.0	0.9696048684973546	1.5986117323835874E-4	0.9435912784503687	0.029442828251188245	0.03017011118041269	0.9735643612198878	0.40344945705517343	0.08282338594411928	0.12568096016174235	0.9047841224990916	0.7730115115105901	0.03017011118041269	0.8786110351553964	0.13967079000201404	0.7425871893679944	0.8651809759896493	0.8903121123825498	0.4870516212907906	1.0	0.0	
3.3333333333333335	0.9780118854717441	1.2384896845275785E-4	0.9620115668379018	0.07176785994957074	0.02043503953541921	0.9744439554674145	0.5449084579218666	0.28237447349204103	0.0867881286145572	0.9194121658418514	0.8445133877225374	0.02043503953541921	0.9010551156748294	0.09476447219591527	0.826013311252206	0.9086703166014654	0.9261201093126858	0.3469339240641248	1.0	0.0	
3.666666666666667	0.9791329564416025	1.2183525256497298E-4	0.9744043528005735	0.19389292874666564	0.013933446141577342	0.86520272262742	0.6536619182597206	0.48545576680810043	0.05965082446424447	0.9273998620633042	0.8935944616589953	0.013933446141577342	0.9145922206635418	0.06418465712430585	0.8826277141674852	0.9379457419781526	0.9502675828837976	0.24141326617254338	1.0	0.0	
4.0	0.9384130601407442	6.744335609236981E-4	0.9826806544606544	0.3760671832727607	0.011652991815959756	0.6343749206297892	0.7338001183168686	0.6417051304395144	0.040890550062736855	0.9313985523427915	0.9270565229813144	0.011652991815959756	0.9225137598359496	0.04342596466863338	0.9208989780961332	0.9576062062327511	0.9665344502999719	0.16611914098466204	1.0	0.0	
4.333333333333333	0.7536262508402785	0.005747473813431745	0.9875755211455333	0.5490657179679692	0.025563206221285495	0.4397048674971036	0.79157891847752	0.7531490816870361	0.028172567730899892	0.9330949050104564	0.9496251212979923	0.025563206221285495	0.9269686201146281	0.029360689779448376	0.9466868641238577	0.9707823488465124	0.977484731584919	0.1136380946271997	1.0	0.0	
4.666666666666666	0.537378312323178	0.034043593382758586	0.9840443693868838	0.6841743568129566	0.09863492469604053	0.2999319274413942	0.8327008236772893	0.8305617353886336	0.02117732076437279	0.9334810421229326	0.9635500727496535	0.09863492469604053	0.9292982714359214	0.01984185011193823	0.9637898284422688	0.9795952639571132	0.9848449979438046	0.07747732156594206	1.0	0.0	
4.999999999999999	0.37021404581374473	0.1382659687768184	0.9315138577180972	0.7817401753180253	0.264580367821392	0.20334177275212978	0.8616008449256598	0.8837243922988666	0.036819114653749936	0.9326285032856547	0.9607071260854563	0.264580367821392	0.9299563691940815	0.01340488982027211	0.9733473514925564	0.9854770580982951	0.9897086794068046	0.05271656557548893	1.0	0.0	
5.333333333333332	0.25212367117638323	0.3237059149487349	0.7157781287213756	0.8484377738377967	0.4561838440347046	0.1374681029555096	0.8805713528217236	0.9200232949825764	0.20727118322664176	0.926211614409085	0.8573359612510474	0.4561838440347046	0.9269281686153594	0.009055233543297563	0.9592215992585041	0.9893838435252562	0.9921859663580729	0.03582321994683558	1.0	0.0	
5.666666666666665	0.1709117741094653	0.5097265303200619	0.49184818134200703	0.8812293067497968	0.6159839647019483	0.09280196552347136	0.8795906989325976	0.9447013527608386	0.43872547034596016	0.8809113261654146	0.6356732118235185	0.6159839647019483	0.9198419877917401	0.006126017128183768	0.8130557308307325	0.9918773817814784	0.9855278454255099	0.02432313377356473	1.0	0.0	
5.999999999999998	0.11590647427368167	0.6556293034056911	0.3314117795326028	0.849618256743723	0.7342508685312623	0.06260510325868372	0.8193618204479959	0.9611300858383313	0.6158200724647701	0.7527986443017805	0.44136659323565564	0.7342508685312623	0.9160291341793662	0.004247914299670663	0.5891245453382652	0.9926121218002579	0.9355666699984465	0.016506036760978893	1.0	0.0	
6.333333333333331	0.0800658014915128	0.7581783162651798	0.22215075633268672	0.7176376455886677	0.8178574816047047	0.04222837424894052	0.6790148571841533	0.9703136253518345	0.7395903858624964	0.5759972674188907	0.3002648597722336	0.8178574816047047	0.9154033618468711	0.0036355294895033625	0.4076517161608063	0.9882592744294884	0.7885493185824384	0.01120219283936192	1.0	0.0	
6.666666666666664	0.06250035726364425	0.8193476359079529	0.14860779974634825	0.5406100875864805	0.8757902365755781	0.028517090271385666	0.5102500507314626	0.9677416783891223	0.8241717014920289	0.4143309019879751	0.20258506922894837	0.8757902365755781	0.9165478326991404	0.006462843300571809	0.27821080344458093	0.9639158449820757	0.5921902181381187	0.007636805624672888	1.0	0.0	
6.999999999999997	0.07904039140569682	0.8264268830568496	0.09934996016873204	0.38494461091141474	0.915537090351276	0.0194110314073343	0.36417831601161205	0.9310414086792695	0.8815045529338136	0.290194151193157	0.13611795660465464	0.915537090351276	0.9184361408779484	0.02061929381377744	0.18914028814972395	0.8776793597979778	0.42031522867910676	0.005398721184813093	1.0	0.0	
7.33333333333333	0.1733380066328129	0.746659860198839	0.06656850132304665	0.26744941287493207	0.9426535610848148	0.01390191654243638	0.2537204472583345	0.8157362514175086	0.9202240571777972	0.20218452343048027	0.09123735688548651	0.9426535610848148	0.9204856161359315	0.06480743781460724	0.12927787813945887	0.7102901682337461	0.291276102410971	0.004713726549473845	1.0	0.0	
7.666666666666663	0.34493822719532313	0.5934853640998825	0.04557641826792855	0.18370015110958637	0.9610618671400837	0.013172516501234471	0.17468021776373666	0.6356146958557809	0.946322892546096	0.14504048428877006	0.061059208834048015	0.9610618671400837	0.9224163860495973	0.15807206865902002	0.09135106639283536	0.5263218865771913	0.19967280872762894	0.00839982995261039	1.0	0.0	
7.9999999999999964	0.5214488425121053	0.43449652623365737	0.036342968381239925	0.12548665535686201	0.9733755645628327	0.02640195072597521	0.11950418673480978	0.46084523007678646	0.9638954125392932	0.12097352805295018	0.040821970808345875	0.9733755645628327	0.9241778569420857	0.29071908126387647	0.07136515516292374	0.3750507690756025	0.13621113045649774	0.034972517237522316	1.0	0.0	
8.33333333333333	0.663306468790257	0.30527894453815396	0.052815918908769355	0.08571853379413623	0.9807461433281324	0.08716981168896237	0.08145886324796464	0.3231822255889565	0.9757180211650331	0.1505649423244942	0.027281002343381627	0.9807461433281324	0.9261051612119648	0.43162598683393094	0.06379848123660552	0.26639366798161607	0.09307516470463328	0.14898635695254658	1.0	0.0	
8.666666666666664	0.767107024466091	0.2096173558626398	0.14097396253402772	0.05960386609322388	0.9784759244157948	0.23448894138599793	0.05540146849969242	0.22315921888368312	0.9836612034377091	0.2581989178547394	0.018245200290569655	0.9784759244157948	0.9297584245374105	0.5573186738271535	0.060366569668072384	0.2038821664288949	0.06588552040976092	0.34602584422135596	1.0	0.0	
8.999999999999998	0.8401296858156095	0.1419959696337681	0.3154406349456229	0.04487178623216894	0.9097688567797905	0.4224268172332184	0.03762548761950826	0.15289317130504065	0.98893796133758	0.4275576779973128	0.012265997592305022	0.9097688567797905	0.9384687586621787	0.6577736787496403	0.05759230474160859	0.23161379788922917	0.06661580064492331	0.5312629061211365	1.0	0.0	
9.333333333333332	0.8903914517171095	0.09559865687278296	0.500395852776986	0.037254527944028906	0.6991877325053419	0.5877338848752472	0.025530766982579	0.1043043545910751	0.9917803146573706	0.59248596559914	0.008910471725102335	0.6991877325053419	0.9512468347662073	0.7239584117460167	0.07062646125234606	0.39847842474121	0.19390348530043863	0.6727350559488073	1.0	0.0	
9.666666666666666	0.9245834797069861	0.06419236141134121	0.6493858656656879	0.030766447563539936	0.4918760540742938	0.713004935294619	0.01733837309974494	0.07097933116339214	0.9889862170416316	0.718052403046565	0.011969353709089272	0.4918760540742938	0.9635689331101505	0.6691929468138177	0.18894978909936005	0.5741853469969447	0.41134732601637364	0.7731606182956791	1.0	0.0	
10.0	0.947898153712379	0.04303100009585757	0.7581130451191899	0.0243705156434099	0.3373920747487872	0.8025743675396659	0.011994378888924347	0.048229334722094425	0.967796199150973	0.8046820566017764	0.04087248578169833	0.3373920747487872	0.973516016339366	0.5005342742418467	0.39552518769786327	0.7070312907241956	0.5917710869102433	0.8352867969130795	1.0	0.0	
10.333333333333334	0.9639024004358121	0.02880744472464255	0.8344910464904796	0.018851028376627568	0.22933880799241546	0.8650256828170065	0.009788458089640389	0.032752637707593714	0.8927968940417587	0.8606951645459539	0.14611949518145012	0.22933880799241546	0.9808831138695787	0.35155879721444827	0.57592460203942	0.800360992731741	0.721331650137595	0.838991559720298	1.0	0.0	
10.666666666666668	0.9749321435339997	0.019265916300514253	0.8872469881099883	0.015280615539342979	0.15526121210647564	0.9080395745460523	0.019001674953066407	0.022314932532818896	0.7380958358726135	0.8953519199019915	0.32823278423378044	0.15526121210647564	0.9858047382177006	0.2418776047597836	0.7085610462629048	0.8644232915236529	0.810962457733921	0.7430210172868918	1.0	0.0	
11.000000000000002	0.9825010615867203	0.012876764008402354	0.9233799288193574	0.016792293864926183	0.10489262092919213	0.9374680974198298	0.08315078971787102	0.01588880591727329	0.5542135741066485	0.9157693559617132	0.5107779148276749	0.10489262092919213	0.98821404580882	0.16499425258125272	0.8014102295306111	0.907968402389856	0.8721488498296799	0.5771683819135367	1.0	0.0	
11.333333333333336	0.9874572548910499	0.0086085799269786	0.9480119733461896	0.03637530973088951	0.07078181876736378	0.9574891990141828	0.22812364391722473	0.018580160851555623	0.3953433585948783	0.9270550139119288	0.6557191549679051	0.07078181876736378	0.9879947527140232	0.11207718500229841	0.865235232845952	0.9374098919259939	0.9136702940468419	0.4172189612127455	1.0	0.0	
11.66666666666667	0.9893677337908833	0.005773552999935925	0.9647537683380464	0.11301201245746886	0.04773179599976636	0.9706735067291576	0.39280679078978964	0.08333870577466143	0.27531940410270284	0.9327262990071538	0.7612829409247218	0.04773179599976636	0.9852623393214196	0.07595674787297979	0.9087489349239181	0.9572429257840676	0.9417612334613322	0.2921482243987098	1.0	0.0	
12.000000000000004	0.9786741322612649	0.00391793480520827	0.9760930774731282	0.27370950993659293	0.032181212422457375	0.9724295029428175	0.5349954561427241	0.27454883644319183	0.1894937114580747	0.9351093796182696	0.8355222576221089	0.032181212422457375	0.9804620321207175	0.05140742651204769	0.9382877512518822	0.9705627456378504	0.9607334012376563	0.2015948206700071	1.0	0.0	
12.333333333333337	0.8761015948750481	0.0027509675178203083	0.9836062522280772	0.4596014190882637	0.021790761312267294	0.8711631663996112	0.6454705742098504	0.47730073545125273	0.12961417728472682	0.9356795380736264	0.8868918885299788	0.021790761312267294	0.9742976415717863	0.034763147701007954	0.9582891503750982	0.9794826898278431	0.973533662298266	0.13808146171729518	1.0	0.0	
12.666666666666671	0.6542982999925218	0.0030487990515173902	0.9867569314260692	0.6166220100926377	0.016737943976553257	0.6420962888822384	0.7273893126824664	0.635240533839034	0.08835424223452376	0.9353224001120558	0.9221293916084823	0.016737943976553257	0.9675364521142535	0.023495045477728384	0.9718088855186695	0.9854388162431531	0.9821623695270721	0.0941922692444438	1.0	0.0	
13.000000000000005	0.45668380750343096	0.011364084771361659	0.9751699276520265	0.7337346469892767	0.02789478658034757	0.44573688271742395	0.7867026440201969	0.7484052350068298	0.06030210620585419	0.0	0.94603201974828	0.02789478658034757	0.9607240788248312	0.01587368368267551	0.9808849682265196	0.9894036224241165	0.9879534985963447	0.06409849076886691	1.0	0.0	
13.33333333333334	0.31244787359789805	0.05512024195586185	0.903171445534147	0.8164768230637542	0.0965889467956603	0.3042301152029325	0.8290521951835463	0.8271833286299772	0.042895531329614524	0.0	0.63068801316552	0.0965889467956603	0.9533772686146084	0.010722249466429265	0.9865419038380095	0.659602414949411	0.9916683954966624	0.04355429766186888	1.0	0.0	
13.666666666666673	0.2121760298373666	0.18622041201909542	0.7092651996081742	0.8717527377228029	0.25906980594236295	0.20632052935259093	0.7836553278222583	0.8813514323075773	0.05032264727047494	0.0	0.4204586754436801	0.25906980594236295	0.9401725109547602	0.007243870070374338	0.9570302471894048	0.4397349432996074	0.9929624607596598	0.02956624020172393	1.0	0.0	
14.000000000000007	0.14364662402908246	0.3771594039969176	0.4939760386462534	0.8978009178750072	0.4505720007930092	0.13950943175900904	0.6430046740086652	0.9156753926360155	0.21029534951441792	0.0	0.28030578362912006	0.4505720007930092	0.8994870945363632	0.004909361286621143	0.7398272436056985	0.2931566288664049	0.9855407589437235	0.020057923466762932	1.0	0.0	
14.333333333333341	0.09735928583158696	0.551619436808496	0.3340008155094346	0.8647306614150791	0.6115382186352952	0.09424377006389739	0.47789556005486333	0.9271678097570836	0.4392600058918534	0.0	0.18687052241941338	0.6115382186352952	0.8569622911104211	0.003434160494410145	0.507769565504878	0.19543775257760326	0.9364749059410159	0.013602329403336003	1.0	0.0	
14.666666666666675	0.0672826178809092	0.6816019271183992	0.22416515839921336	0.7324501725789827	0.7310048001905612	0.06385753616229288	0.3388759215669501	0.8904051349266076	0.6158549017933488	0.0	0.12458034827960893	0.7310048001905612	0.8473087507354402	0.0030609197852726477	0.34200819208066613	0.13029183505173553	0.7916172047766674	0.009227268251140047	1.0	0.0	
15.000000000000009	0.05293245609320452	0.7629229800442723	0.15004796258383984	0.5526241427041511	0.8155348248102251	0.044326938785274494	0.23523779213546975	0.7655132772677486	0.7395098764535957	0.0	0.08305356551973928	0.8155348248102251	0.8544788375580733	0.005854417828322656	0.22923028524881744	0.0868612233678237	0.5957218892279385	0.0062928043204777285	1.0	0.0	
15.333333333333343	0.06928028999590259	0.7832926316537078	0.10035684105148579	0.39366292255495033	0.8740466231912204	0.03566848354547943	0.16160551357469707	0.5868154837013213	0.8240733623735462	0.0	0.05536904367982619	0.8740466231912204	0.8671092723192937	0.019187500217697124	0.15335793862060199	0.0579074822452158	0.42323075216678985	0.004472259514683961	1.0	0.0	
15.666666666666677	0.15985783244847124	0.7107162147181644	0.06728718514846306	0.2735130741613298	0.9138191541451651	0.04971774889987785	0.11040357046966756	0.42212167680276547	0.8814146943855022	0.0	0.03691269578655079	0.9138191541451651	0.8801321704424591	0.06079934245310034	0.10255791864139346	0.0386049881634772	0.29343453341704084	0.004005311454342182	1.0	0.0	
16.00000000000001	0.3304052809270701	0.5552012518909668	0.046186593585492416	0.18785024864565608	0.9390374312467615	0.12602639654470293	0.07518000673712644	0.29500218306873294	0.9201446932797289	0.0	0.024608463857700526	0.9390374312467615	0.89163469670518	0.1501423463472289	0.06867254610134937	0.02573665877565147	0.20120795435564143	0.007423161471632054	1.0	0.0	
16.333333333333343	0.5094467399893579	0.3924535930415073	0.03769769342877913	0.12831964888403422	0.9415385850466668	0.28758122792558816	0.051091321331103445	0.20337942270389825	0.9462340637485096	0.0	0.016405642571800348	0.9415385850466668	0.901176402533338	0.2796589489192415	0.04612798693418363	0.017157772517100982	0.1372936978374772	0.031068679091200577	1.0	0.0	
16.666666666666675	0.6544520232433546	0.2672022459891103	0.06123910044640252	0.08773185117595558	0.8383420278025088	0.4714935236700134	0.034675041954014246	0.13923787101875884	0.9636518900554166	0.0	0.010937095047866899	0.8383420278025088	0.9092733979132599	0.4185477903226291	0.031107804657093126	0.011438515011400655	0.09391084309039371	0.13592370164910064	1.0	0.0	
17.000000000000007	0.7608453552028762	0.1798886070423058	0.17212692172492544	0.061616143998973985	0.6230193410905822	0.6255805766007727	0.023511969114522198	0.09495606840516213	0.9739154684439612	0.0	0.007291396698577932	0.6230193410905822	0.9182476944600498	0.542690217888442	0.02105210333187809	0.007625676674267104	0.06741404541201891	0.3286275405536731	1.0	0.0	
17.33333333333334	0.8357102857971377	0.12061279627202934	0.3599277685093325	0.048567849774193844	0.4344267371163323	0.7402248708594894	0.015932059191117273	0.06460883006474435	0.9731011769690149	0.0	0.004860931132385288	0.4344267371163323	0.9318944127745014	0.6416149473113514	0.014283730304965665	0.005083784449511403	0.08077320371366438	0.5156531784565661	1.0	0.0	
17.66666666666667	0.887082161386107	0.08074130063114898	0.5401413731874116	0.04203778165086863	0.2971906236448465	0.8215849507391195	0.010790325001173016	0.04389798178865004	0.9431125463701947	0.0	0.003240620754923526	0.2971906236448465	0.947610683461347	0.6977917973734282	0.009707958587642625	0.003389189633007602	0.2451156870184344	0.660301831607649	1.0	0.0	
18.000000000000004	0.9219574282233929	0.05401213247520309	0.6796175711485632	0.03506211553895075	0.2018211820772105	0.8781204662652893	0.007305020487628414	0.02979905451504413	0.843997125909347	0.0	0.0021604138366156838	0.2018211820772105	0.9610120413915575	0.5960135753276542	0.006604761925244281	0.0022594597553384013	0.4592318767257496	0.7628152660944038	1.0	0.0	
18.333333333333336	0.9458093516927373	0.03610901043710804	0.7797798636986734	0.027743756425622764	0.13658682752674506	0.9169957256773451	0.0049438146457259306	0.02021625466973446	0.673523031261989	0.0	0.0014402758910771227	0.13658682752674506	0.9705186314040535	0.4284360148985116	0.004495903969670242	0.0015063065035589344	0.627080606966213	0.8177595912163625	1.0	0.0	
18.666666666666668	0.9622727549335761	0.024125790581370044	0.8496275550901542	0.021627250517136425	0.09227055716697033	0.9435750125035162	0.00334485064967416	0.013709571654718762	0.49544181507689666	0.0	9.601839273847485E-4	0.09227055716697033	0.9758098335882223	0.29564805027197527	0.0030609996995454676	0.0010042043357059564	0.7459806607859372	0.789816014554093	1.0	0.0	
19.0	0.973668693635948	0.016111636466251376	0.8976893026826934	0.018722624886287995	0.06226859447062953	0.9616871604622161	0.002262449690407199	0.009294503655258489	0.35005619983943476	0.0	6.401226182564991E-4	0.06226859447062953	0.9771799347495019	0.20149368378486776	0.0020840160415556115	6.694695571373044E-4	0.8278592259345282	0.6569334691011847	1.0	0.0	
19.333333333333332	0.9814509938606553	0.010757272533676015	0.930534120496408	0.02562732592442701	0.04199613883661648	0.9740044951391675	0.0015299548786074538	0.0063000312207711975	0.2426855866785838	0.0	4.267484121709994E-4	0.04199613883661648	0.9753349629804805	0.13662234811307689	0.0014186313151569427	4.4631303809153627E-4	0.8836422505618082	0.4903113459467977	1.0	0.0	
19.666666666666664	0.986184168365537	0.007186344659478603	0.9528918988150091	0.06687634272956629	0.028313273034641463	0.9823703289218204	0.0010343869367214088	0.004269688568253565	0.1666538797378509	0.0	2.8449894144733296E-4	0.028313273034641463	0.9712231160891988	0.0924011529308956	9.654525633844104E-4	2.9754202539435755E-4	0.9214582401086254	0.34805908314969025	1.0	0.0	
19.999999999999996	0.9852596283031091	0.004816076954319624	0.9680670521879478	0.18771176180057292	0.019084286142012113	0.9880476631596891	6.991938889587413E-4	0.0028933538533455413	0.11385196399018058	0.0	1.8966596096488866E-4	0.019084286142012113	0.9658366430398793	0.06240508803172161	6.56844652145362E-4	1.9836135026290503E-4	0.9470272028906299	0.24170035583647925	1.0	0.0	
20.33333333333333	0.9460948569494964	0.0032538043356086293	0.9782972737214628	0.3703932830652319	0.012861978373273266	0.9918984171859172	4.725271066915196E-4	0.0019605069429964477	0.0775459217790854	0.0	1.2644397397659245E-4	0.012861978373273266	0.9600288507346137	0.04211123652810896	4.4673711384479763E-4	1.3224090017527004E-4	0.964289596373204	0.1660849467039897	1.0	0.0	
20.66666666666666	0.7635960492534678	0.0022191252384512524	0.9846242405471762	0.5447668931506714	0.008667863855273154	0.9945093292626701	3.192815772251374E-4	0.0013283204870901057	0.05271997076665551	0.0	8.429598265106164E-5	0.008667863855273154	0.9544119889496665	0.02840202631455563	3.0373356829876757E-4	8.81606001168467E-5	0.9759328377028911	0.11349401221911551	1.0	0.0	
20.999999999999993	0.5452316349343365	0.0015234478886133364	0.9832082344777004	0.6811487328677431	0.005841255444183237	0.9962791749165447	2.156959556095615E-4	8.99930325610991E-4	0.03579952943294011	0.0	5.619732176737443E-5	0.005841255444183237	0.9493121822983599	0.01914942704329821	2.0643489839401442E-4	5.8773733411231135E-5	0.9837743902481443	0.07731065980988955	1.0	0.0	
21.333333333333325	0.3757436435417	0.0010498101478646521	0.9520352392701682	0.7797154306198435	0.003936421880639753	0.9974786995117865	1.456913436377119E-4	6.096615268150491E-4	0.024290596898839105	0.0	3.746488117824962E-5	0.003936421880639753	0.94446328255229	0.012908336616901012	1.402568159616157E-4	3.918248894082075E-5	0.9889845856675409	0.052561861039977856	1.0	0.0	
21.666666666666657	0.2559052221678874	7.248513142661065E-4	0.8388133050266948	0.8478667231991778	0.002652809520712499	0.9982915974860361	9.83901043237261E-5	4.1299417889848475E-4	0.01647271161232293	0.0	2.4976587452166413E-5	0.002652809520712499	0.9373969722675558	0.008700796855390044	9.526160457034297E-5	2.6121659293880506E-5	0.9920319363449526	0.03569202018156123	1.0	0.0	
21.99999999999999	0.17344960017914957	5.009241419532685E-4	0.6524893335954595	0.8908836596885357	0.0017878233739619586	0.9988424445197116	6.643503021471552E-5	2.797531595333764E-4	0.011166742939141574	0.0	1.6651058301444273E-5	0.0017878233739619586	0.9171381153324751	0.005868923495423572	6.46797364377407E-5	1.741443952925367E-5	0.9915667473387666	0.02421706204002698	1.0	0.0	
22.33333333333332	0.11737770278991205	3.462392354628054E-4	0.47137684067360486	0.9044413730981584	0.0012049268430733807	0.9992156981480033	4.485107513709134E-5	1.8948823838865812E-4	0.007567754417826374	0.0	1.1100705534296183E-5	0.0012049268430733807	0.8550706265185846	0.003985079711565223	4.3901447477931633E-5	1.1609626352835781E-5	0.9789692905683962	0.016422487124779856	1.0	0.0	
22.666666666666654	0.07970907901017021	2.392109236870836E-4	0.329601960024638	0.8603647791382689	8.12113132208094E-4	0.9994686056530241	3.0274740135017112E-5	1.2834107955307414E-4	0.005127623283705168	0.0	7.400470356197455E-6	8.12113132208094E-4	0.7247090772134679	0.0028429685304931914	2.9788848230115595E-5	7.739750901890521E-6	0.9217973585084005	0.011133796612976622	1.0	0.0	
22.999999999999986	0.05563236213720901	1.6500196969274024E-4	0.2271465884267096	0.7274897346121227	5.473859562632483E-4	0.9996399652397485	2.0432503103425887E-5	8.69210771810452E-5	0.0034737097798216475	0.0	4.933646904131637E-6	5.473859562632483E-4	0.556809215190467	0.0026950151030257045	2.0206772350156544E-5	5.15983393459368E-6	0.7776431904577984	0.007553508262512217	1.0	0.0	
23.333333333333318	0.04550306824043306	1.1340998341884532E-4	0.1555752349776813	0.5520944789991086	3.689716350022774E-4	0.9997560691746881	1.3787894787038323E-5	5.886541357307261E-5	0.0023529501687474183	0.0	3.2890979360877582E-6	3.689716350022774E-4	0.40298217749089194	0.005253902804309173	1.370290412534408E-5	3.4398892897291203E-6	0.5886398763579466	0.005159669704631675	1.0	0.0	
23.66666666666665	0.06446987479869681	7.755662093932031E-5	0.10680463796190034	0.39562165341377775	2.4872251943219804E-4	0.9998347337356444	9.302746059349489E-6	3.9863060251508394E-5	0.0015936134019334065	0.0	2.192731957391839E-6	2.4872251943219804E-4	0.28313085258711135	0.016402862368341938	9.289764708904764E-6	2.2932595264860805E-6	0.4207454176459813	0.003687087715000352	1.0	0.0	
23.999999999999982	0.15512201765772093	5.275700310591777E-5	0.07641540216151756	0.2762721490422105	1.6767193305080815E-4	0.9998880311415255	6.275707655436816E-6	2.6993303008770992E-5	0.0010792219324564248	0.0	1.4618213049278927E-6	1.6767193305080815E-4	0.19608324945146677	0.05104522197211639	6.29617967304746E-6	1.5288396843240537E-6	0.2932231061002031	0.003311501532472704	1.0	0.0	
24.333333333333314	0.3246944489411405	3.571582973539532E-5	0.07906626022055083	0.19099793401525295	1.13039163961451E-4	0.9999241412194221	4.23305617271745E-6	1.8277466395192467E-5	7.308037220799032E-4	0.0	9.745475366185952E-7	1.13039163961451E-4	0.13502633937927386	0.12935270097582813	4.2661248563734484E-6	1.019226456216036E-6	0.20238173412806792	0.005854410562848186	1.0	0.0	
24.666666666666647	0.503828839528917	2.4083823252657803E-5	0.21109221583778842	0.13448986139597954	7.621156047175765E-5	0.9999486062919418	2.8548713921528166E-6	1.2375140754315893E-5	4.948303749710167E-4	0.0	6.496983577457301E-7	7.621156047175765E-5	0.09451558361987594	0.2508114269970213	2.8898657517904232E-6	6.79484304144024E-7	0.14223652616318083	0.02273378164022529	1.0	0.0	
24.99999999999998	0.6487458387368813	1.6192733537518897E-5	0.42414857136153394	0.14096849873591621	5.138496799319303E-5	0.9999651815547743	1.9251368450452173E-6	8.378342718912792E-6	3.3502725623828244E-4	0.0	4.3313223849715337E-7	5.138496799319303E-5	0.08935718378269586	0.3855575708879815	1.957099462136156E-6	4.5298953609601605E-7	0.1534933679192344	0.10444917387343772	1.0	0.0	
25.33333333333331	0.7431403786264598	1.0891783165447574E-5	0.600220261955916	0.2463120246881057	3.464771153784765E-5	0.999976411305942	1.2980173766558648E-6	5.672043681773655E-6	2.268162312833979E-4	0.0	2.8875482566476895E-7	3.464771153784765E-5	0.18248112267188382	0.46539459096297375	1.3250814512235673E-6	3.0199302406401073E-7	0.34414307697799784	0.28282082249214197	1.0	0.4	
25.666666666666643	0.7432684647873192	7.365902569657096E-6	0.7260875128628974	0.26625349073190074	2.3363403874659525E-5	0.9999840193933816	0.10877697092118643	3.8396722547149816E-6	1.5354650686957575E-4	0.0	1.9250321710984597E-7	2.3363403874659525E-5	0.33965771364177977	0.3780841316055763	8.969534107893784E-7	2.013286827093405E-7	0.539434867437931	0.4546865864093145	1.0	0.4	
25.999999999999975	0.7259741552228388	4.986076976624676E-6	0.8100074794292538	0.22129713770200088	1.575508004006412E-5	0.9999891737718306	0.18129403127943805	0.013195901256689511	1.0393909399565869E-4	0.0	1.2833547807323066E-7	1.575508004006412E-5	0.49027700578689115	0.269978203356752	6.070128473234148E-7	1.34219121806227E-7	0.6844440844183068	0.510138654786928	1.0	0.4	
26.333333333333307	0.7514496629216277	3.3681133211995672E-6	0.8648170099570684	0.18223838151040803	1.0624973704156518E-5	0.9993257800717219	0.2296387015776393	0.04933756100068965	7.03545605718607E-5	0.0	8.555698538215377E-8	1.0624973704156518E-5	0.6108394728872419	0.18675417318145304	4.107045278572082E-7	8.947941453748467E-8	0.7855102028234615	0.4463476018747649	1.0	0.4	
26.66666666666664	0.7932514145643639	4.581725045937486E-6	0.9029840688397283	0.1834471809335613	1.4670257233487203E-5	0.9960808678808909	0.26186845737157516	0.10500086522294737	4.761907535008707E-5	0.0	5.703799025476918E-8	1.4670257233487203E-5	0.7009830250372154	0.12775466271942065	2.7782256085630966E-7	5.965294302498979E-8	0.8546326455845215	0.34110269527379605	1.0	0.4	
26.99999999999997	0.8204626130217444	1.6767553116347924E-5	0.9305234952820136	0.2607361351218037	5.430996379462083E-5	0.9850779238746414	0.2833549449642898	0.16893902481667436	3.273475490001844E-5	0.0	3.802532683651279E-8	5.430996379462083E-5	0.7666393358378539	0.08695734675450983	1.8789472821474712E-7	3.976862868332652E-8	0.9016014607071625	0.24574180856573852	1.0	0.4	
27.333333333333304	0.782376156088218	8.209729791399536E-5	0.9499467199334409	0.40731498497058155	2.1146404027533143E-4	0.9557660322624905	0.29767925917949367	0.2313095676288453	2.548525745012723E-5	0.0	2.5350217891008527E-8	2.1146404027533143E-4	0.8138919566830921	0.05903319835712087	1.270495667199091E-7	2.651241912221768E-8	0.9334308643942819	0.17247801063019103	1.0	0.4	
27.666666666666636	0.6248967836710418	3.6861388987445055E-4	0.9613358035154937	0.5622820860935641	7.100462977244186E-4	0.8971135021787526	0.3072287947585592	0.286547494620144	3.12777760478885E-5	0.0	1.6900145260672354E-8	7.100462977244186E-4	0.8476142854673584	0.040015939719860116	8.589049845847778E-8	1.7674946081478455E-8	0.9549645558387423	0.11952555483538316	1.0	0.4	
27.999999999999968	0.4480921227447159	0.0013149321110195967	0.9549254820730441	0.6893653724315241	0.0020828180435992325	0.8097064039336551	0.3135951469905559	0.33258544100881365	6.913352858120599E-5	0.0	1.1266763507114905E-8	0.0020828180435992325	0.87131605133671	0.027100363263343155	5.805373567487329E-8	1.1783297387652304E-8	0.9694876508913388	0.0822663059597272	1.0	0.4	
28.3333333333333	0.3102009950118344	0.003901169366581808	0.8923394502434049	0.7829693331984212	0.005519249943252798	0.7071819923645752	0.31783937859807804	0.3694330504489532	1.9023045130903734E-4	0.0	7.511175671409936E-9	0.005519249943252798	0.8864421254444045	0.018343429259758785	3.9230425866221626E-8	7.855531591768204E-9	0.9790769966997125	0.05639809362905267	1.0	0.4	
28.666666666666632	0.21205787417476674	0.01030486263408112	0.7362737562892137	0.8469142636820904	0.013613785155473929	0.6051513987894718	0.3206688641938868	0.3980981028090609	5.260199324294695E-4	0.0	5.007450447606624E-9	0.013613785155473929	0.8888378465690163	0.012414195240544629	2.6503758374961533E-8	5.237021061178802E-9	0.9843387767368322	0.03857004176926142	1.0	0.4	
28.999999999999964	0.14424618717017157	0.02502392125720821	0.5466643049608163	0.8817496412663571	0.03150963303228653	0.5136636626998837	0.3225551864960664	0.41993688347634145	0.0014437163657181184	0.0	3.338300298404416E-9	0.03150963303228653	0.8593372772954823	0.008413040734859968	1.789962897263781E-8	3.4913473741192015E-9	0.9817335809942932	0.02633645026102204	1.0	0.4	
29.333333333333297	0.0981171644695992	0.05508911393427438	0.3855000896360027	0.8715118329572988	0.06720650686248514	0.43680964698545954	0.3238127337452798	0.43631235971340626	0.004151205515232143	0.0	2.225533532269611E-9	0.06720650686248514	0.7655964611666792	0.005769382558580827	1.208226545848923E-8	2.3275649160794676E-9	0.9521924157125168	0.017964994399334255	1.0	0.4	
29.66666666666663	0.06761343407413463	0.10405362573631156	0.2656542543187374	0.7784410108070057	0.12817422401645823	0.3748847728874763	0.3246510979432623	0.4484386795498594	0.013453039634280886	0.0	1.4836890215130739E-9	0.12817422401645823	0.6133090334122004	0.0042984953847757384	8.14848324262372E-9	1.5517099440529786E-9	0.847936233992618	0.012249488016357928	1.0	0.4	
29.99999999999996	0.0505456838982561	0.15666515269832373	0.18108696701197147	0.6140999035377923	0.21446893879481949	0.32634733442014907	0.3252100069853663	0.45732836707833435	0.04918198244448658	0.0	9.891260143420494E-10	0.21446893879481949	0.4576212246661908	0.004772167988515263	5.488888548257779E-9	1.034473296035319E-9	0.6676215269846627	0.008366943771041732	1.0	0.4	
30.333333333333293	0.05459561247021865	0.18434432604349762	0.12299343308062746	0.44796727998532093	0.31631568574780283	0.2890197599989217	0.32558261273129047	0.46379145386966136	0.15829492775683673	0.0	6.594173428946997E-10	0.31631568574780283	0.336750451039504	0.010774114628079787	3.6931409308710097E-9	6.89648864023546E-10	0.4855104849801708	0.005801630961033109	1.0	0.4	
30.666666666666625	0.11309288979765791	0.1779972878095353	0.08431593471109738	0.3151250633327982	0.4201588102604531	0.2607021845963364	0.32583101637380996	0.4684577668284368	0.33727304477204323	0.0	4.3961156192979977E-10	0.4201588102604531	0.2741193969278754	0.03295856112286975	2.4834299513665325E-9	4.597659093490306E-10	0.34060624611021884	0.00440060785574477	1.0	0.4	
30.999999999999957	0.2595405490889786	0.15041873083264956	0.06309375774866353	0.2181329287820286	0.5155370614506283	0.23943770193596892	0.32599661867675844	0.4718069596900836	0.5145073747805528	0.0	2.930743746198665E-10	0.5155370614506283	0.30397116825190645	0.09144271867471654	1.6700318861051777E-9	3.065106062326871E-10	0.23525748194460866	0.004927475284599811	1.0	0.4	
31.33333333333329	0.44277823886117174	0.11734312695988217	0.08164315938091896	0.15037724454944912	0.5971899405924894	0.2235955302577865	0.3261070201284588	0.47419859950243626	0.6555592402365414	0.0	1.9538291641324434E-10	0.5971899405924894	0.41004341199941613	0.1978088565872516	1.1235229415915345E-9	2.0434040415512474E-10	0.16187628112527605	0.012762414737065464	1.0	0.4	
31.66666666666662	0.6023064762991783	0.08751816022365137	0.20833728513902255	0.10762388039253973	0.6639050904429865	0.21186806966108415	0.32618062104052675	0.47589890721497663	0.7589409772855353	0.0	1.3025527760882954E-10	0.6639050904429865	0.5402506117334435	0.3327047168812578	7.562665904111158E-10	1.362269361034165E-10	0.11565244348987397	0.05855970602309585	1.0	0.4	
31.999999999999954	0.7219522280345855	0.06395287764892893	0.4025813621257503	0.11219213512707073	0.7167379146235898	0.2032326098311748	0.32622968827808374	0.4771030263118456	0.8321778684957575	0.0	8.68368517392197E-11	0.7167379146235898	0.6670170641207401	0.4628379758334115	5.093123289089988E-10	9.081795740227766E-11	0.13391286975785693	0.20510886790831293	1.0	0.4	
32.333333333333286	0.8006037694622168	0.04881651689175135	0.5752892393652258	0.14992981563013352	0.7576924139236932	0.1969028369414783	0.3262623997450185	0.477952823064774	0.8832428081049494	0.0	5.7891234492813137E-11	0.7576924139236932	0.7681132470595475	0.5341752461669105	3.4313079728716407E-10	6.054530493485178E-11	0.3157836579334974	0.401553233848281	1.0	0.4	
32.66666666666662	0.8410327143214833	0.042890211054591454	0.7040583296149755	0.14236942953749845	0.7889665603433355	0.19228166218046752	0.3262842073731284	0.4785507199870615	0.9185615073460741	0.0	3.859415632854209E-11	0.7889665603433355	0.8409589877287	0.4382348666212366	2.312204802721487E-10	4.036353662323452E-11	0.5154400504692824	0.5617170081666981	1.0	0.4	
32.99999999999996	0.8708303015246409	0.03821850660120965	0.7938963697096151	0.11431021015460717	0.8125912150386174	0.18891995863276642	0.3262987457808595	0.47897022782145027	0.9428850230636782	0.0	2.5729437552361392E-11	0.8125912150386174	0.8916233123113148	0.3132132213586699	1.5581104435725896E-10	2.690902441548968E-11	0.6667707753253421	0.625320250960953	1.0	0.4	
33.33333333333329	0.8993175261153633	0.03220068862554949	0.8560817730733994	0.09059690392330669	0.8302941183263781	0.1864824277981186	0.32630843804534093	0.4792638393574008	0.9595993237156674	0.0	1.715295836824093E-11	0.8302941183263781	0.9263675936141853	0.21644549968284899	1.0499383199510201E-10	1.7939349610326456E-11	0.7730761905266899	0.5642203827306741	1.0	0.4	
33.66666666666663	0.92356088678042	0.02617125325602742	0.8994735524720013	0.08547141905876017	0.8434777165173792	0.18472029859517355	0.3263148995501024	0.47946887335303073	0.9710736893225337	0.0	1.1435305578827287E-11	0.8434777165173792	0.9500442295647062	0.14787764705266954	7.075147310979438E-11	1.1959566406884306E-11	0.846106791309818	0.4385300707627424	1.0	0.4	
33.999999999999964	0.9406533035860575	0.02178341579302416	0.9298046730079181	0.12687876231826753	0.8532475832384986	0.18344996983665565	0.3263192072166815	0.47961175794033717	0.9789494817490063	0.0	7.623537052551526E-12	0.8532475832384986	0.9661290119916517	0.10052484380039545	4.767748922843734E-11	7.973044271256206E-12	0.8958448738111191	0.31759401933293313	1.0	0.4	
34.3333333333333	0.9423605786388011	0.02269411005043362	0.9508552362149693	0.25047487234545673	0.8604585356536238	0.1825365610650668	0.32632207899222626	0.4797111444765004	0.984357283260897	0.0	5.0823580350343505E-12	0.8604585356536238	0.9770383520262511	0.06815793336383136	3.2127884082284596E-11	5.315362847504137E-12	0.92958076629698	0.22304615935887412	1.0	0.4	
34.666666666666636	0.8725673491141508	0.04564997572308632	0.9648513311894531	0.4239257969057283	0.8657626783416973	0.18188139020675267	0.3263239935078064	0.4797801555844917	0.9880732761890909	0.0	3.3882386900229006E-12	0.8657626783416973	0.984430359789899	0.04614427581291598	2.164676647706364E-11	3.5435752316694246E-12	0.9524116054401587	0.15440030152045037	1.0	0.4	
34.99999999999997	0.6733796600270469	0.12734195592142694	0.9689806385341097	0.5843273170574679	0.8696526618703775	0.18141252691758458	0.32632526985056004	0.4798279985952617	0.9906293717102076	0.0	2.2588257933486007E-12	0.8696526618703775	0.9894339795730884	0.03121276999612451	1.457646188396682E-11	2.3623834877796164E-12	0.967835003671799	0.10608447618750172	1.0	0.4	
35.33333333333331	0.47537437442794384	0.2609261138811283	0.9051614521206243	0.7084137323792137	0.8724979658747813	0.1810777187929711	0.32632612074508477	0.47986111766974526	0.9923897845037001	0.0	1.5058838622324005E-12	0.8724979658747813	0.9927974490797383	0.021101194831472055	9.799788259780716E-12	1.574922325186411E-12	0.9781738618004224	0.07258118320762286	1.0	0.4	
35.66666666666664	0.32675163206041	0.4011737322122083	0.6780187915454696	0.7948422057823827	0.8745741220024613	0.18083912740590855	0.3263266880076718	0.4798840128738457	0.9936038695871516	0.0	1.0039225748216003E-12	0.8745741220024613	0.9947645251769217	0.014261124209962096	6.574660538159819E-12	1.0499482167909406E-12	0.9840065330219651	0.049533083011324766	1.0	0.4	
35.99999999999998	0.22256507243241697	0.5214326623446361	0.4674565964265087	0.8352137609092993	0.8760856596966945	0.18066943228355303	0.32632706618244334	0.4798998202231672	0.9944424076753424	0.0	6.692817165477335E-13	0.8760856596966945	0.99461385912904	0.009647342765730944	4.403263537876256E-12	6.999654778606271E-13	0.9767703588056517	0.033749854670439214	1.0	0.4	
36.333333333333314	0.1516120942467295	0.6117893784237162	0.3163836157518133	0.7985187143296559	0.8771838200253217	0.18054896112987476	0.3263273182987668	0.4799107210422064	0.9950224517446753	0.0	4.4618781103182236E-13	0.8771838200253217	0.9920140622963591	0.006638378094463793	2.9453999580835215E-12	4.666436519070848E-13	0.918371810339323	0.022972227727225424	1.0	0.4	
36.66666666666665	0.10565110353049237	0.6630438960863965	0.21289957144963395	0.6649380473005617	0.8779800687320287	0.18046358507193527	0.3263274863761886	0.47991822997874106	0.995424312355457	0.0	2.9745854068788157E-13	0.8779800687320287	0.9871338562232232	0.005267839426579861	1.9686488857147284E-12	3.1109576793805653E-13	0.7626517335507645	0.015631184386725873	1.0	0.4	
36.999999999999986	0.08438719533519212	0.6536494962677597	0.14299181957780602	0.49790386283290045	0.8785563151898386	0.18040318104323808	0.32632759842771825	0.47992339708550097	0.9957031595512719	0.0	1.9830569379192103E-13	0.8785563151898386	0.9805466792263943	0.007386814193941137	1.315263302760534E-12	2.07397178625371E-13	0.5683421420520928	0.010668784367481126	1.0	0.4	
37.33333333333332	0.10851950858059552	0.5703878335803936	0.09619127422954935	0.35412709837756107	0.8789725889302357	0.18036051253406218	0.3263276731286814	0.479926949255957	0.9958969462121833	0.0	1.322037958612807E-13	0.8789725889302357	0.9730600178415638	0.019695933073767734	8.787932899607688E-13	1.3826478575024734E-13	0.40231154783772805	0.007466921917905404	1.0	0.4	
37.66666666666666	0.21964334153277204	0.44655924209961023	0.06571140689226411	0.24618206334117443	0.879272775794222	0.18033041759221297	0.3263277229292858	0.4799293889912772	0.9960318208876373	0.0	8.813586390752046E-14	0.879272775794222	0.9654767366324888	0.0586559464667485	5.875616529993641E-13	9.217652383349823E-14	0.2786185360189598	0.0060337360282545285	1.0	0.4	
37.99999999999999	0.39437911023616723	0.3274768198929869	0.050341916361943864	0.16938710482537833	0.8794888854271419	0.1803092215552013	0.3263277561296636	0.47993106322923984	0.9961258281270879	0.0	5.875724260501365E-14	0.8794888854271419	0.9584550482230104	0.1438702129987668	3.932915222948493E-13	6.145101588899881E-14	0.19112105282382363	0.008517999341479563	1.0	0.4	
38.33333333333333	0.5617525911063339	0.2322623726441848	0.06705038483533482	0.11640585150934069	0.879644214263656	0.18029431354484432	0.326327778263232	0.4799322112196889	0.9961914406135697	0.0	3.9171495070009096E-14	0.879644214263656	0.9526887746202108	0.2704446737866665	2.635927140430082E-13	4.0967343925999205E-14	0.13098727080512051	0.029416083962582315	1.0	0.4	
38.666666666666664	0.692718676827483	0.1619983387942741	0.16856787587472777	0.08262712559371999	0.8797556821376591	0.1802838418850013	0.32632779301893317	0.4799329977678431	0.9962372940272923	0.0	2.6114330046672733E-14	0.8797556821376591	0.9500326059926401	0.4084360465517298	1.7687564358095153E-13	2.7311562617332803E-14	0.09287797122868593	0.12629226399923132	1.0	0.4	
39.0	0.78724654845031	0.11218370843351896	0.35049440790478414	0.07289695932239153	0.8798355532771244	0.18027649560424777	0.3263278028560598	0.479933536280727	0.9962693773461165	0.0	1.740955336444849E-14	0.8798355532771244	0.9539756098389034	0.5311860361551938	1.1880274176118293E-13	1.8207708411555204E-14	0.09602782189064048	0.3150348034551512	1.0	0.4	
39.333333333333336	0.8517923865333555	0.07827804026216371	0.5301189181734278	0.07722529675879411	0.8798927004019454	0.18027134806716444	0.32632780941413925	0.4799339047209409	0.9962918507849623	0.0	1.1606368909632327E-14	0.8798927004019454	0.962663956560215	0.6106556576023712	7.985606175418068E-14	1.2138472274370136E-14	0.246736218013536	0.5031011559210021	1.0	0.4	
39.66666666666667	0.8941699346599219	0.05597586272960178	0.6707748470472717	0.07031249390719611	0.8799335308480952	0.18026774531976517	0.3263278137861889	0.4799341566354951	0.9963076087886579	0.0	7.737579273088219E-15	0.8799335308480952	0.9716569755649479	0.5349004872571252	5.370406996368805E-14	8.09231484958009E-15	0.45722904865022973	0.6472574490204862	1.0	0.4	
40.00000000000001	0.9234453359232884	0.0406321755039335	0.7722846302567687	0.056858987948103866	0.8799626634431226	0.18026522653186744	0.3263278167008865	0.479934328770358	0.9963186682100399	0.0	5.158386182058812E-15	0.8799626634431226	0.9791693995157069	0.3878439549804156	3.6127894662527286E-14	5.394876566386727E-15	0.6248352043874706	0.7257438942342211	1.0	0.4	
40.33333333333334	0.9446774971613718	0.029565831411131456	0.8434261637650275	0.04450055754290911	0.8799834220801642	0.18026346742305244	0.3263278186440167	0.47993444632148236	0.9963264364252805	0.0	3.4389241213725418E-15	0.8799834220801642	0.9849517855399034	0.2686922901807582	2.430850268826632E-14	3.5965843775911515E-15	0.744119401729699	0.6988673891556675	1.0	0.4	
40.66666666666668	0.9601252975670165	0.021513975910606782	0.8926739055742716	0.03855167959429402	0.8799981948425578	0.18026224010855396	0.3263278199394359	0.47993452655192986	0.9963318968489261	0.0	2.292616080915028E-15	0.8799981948425578	0.9892372769321874	0.1835722963231119	1.6357075649846154E-14	2.397722918394101E-15	0.82643399962053	0.5709943340673058	1.0	0.4	
41.000000000000014	0.9709620205798893	0.015851271395913285	0.9265472306178677	0.050926554699376306	0.8800086947559311	0.18026138465044209	0.32632782080304795	0.47993458128091465	0.9963357375210503	0.0	1.5284107206100184E-15	0.8800086947559311	0.992349829246854	0.12470029538602814	1.100837940964592E-14	1.5984819455960672E-15	0.8825841062882931	0.42243625454068057	1.0	0.4	
41.33333333333335	0.9770070634630447	0.012710797105357205	0.9497429927836462	0.11641930957034714	0.8800161487338183	0.18026078893611858	0.3263278213787889	0.47993461859491715	0.9963384403888979	0.0	1.018940480406679E-15	0.8800161487338183	0.9945834500396507	0.08446784177714245	7.408601325016729E-15	1.0656546303973783E-15	0.9206834737767602	0.2990519599613095	1.0	0.4	
41.666666666666686	0.9695514316329537	0.01563291419995694	0.9655107107614644	0.26584801631884375	0.8800214342265731	0.18026037446954507	0.326327821762616	0.4799346440229268	0.9963403434009835	0.0	6.792936536044526E-16	0.8800214342265731	0.9961738700459876	0.05712534388380777	4.985091895003217E-15	7.104364202649188E-16	0.9464631943450429	0.20758081523097321	1.0	0.4	
42.00000000000002	0.8771955005487707	0.04559140862141528	0.9757085397607783	0.44847172212472014	0.8800251778646909	0.1802600863530918	0.32632782201850047	0.47993466134293833	0.9963416837617594	0.0	4.528624357363016E-16	0.8800251778646909	0.997299904850151	0.03859736024836252	3.355224517504445E-15	4.736242801766126E-16	0.9638785291744026	0.1427039538850587	1.0	0.4	
42.33333333333336	0.6612021418481688	0.1403007449988261	0.9764553333900694	0.6067345469343178	0.8800278265394686	0.18025988623433495	0.32632782218909	0.4799346731349492	0.9963426281085882	0.0	3.0190829049086773E-16	0.8800278265394686	0.9980918357854845	0.026063473676367646	2.2566025120088974E-15	3.1574952011774167E-16	0.975625424491535	0.09759475412248592	1.0	0.4	
42.66666666666669	0.462955653386229	0.28082909070193085	0.8958093125808311	0.7258472266949296	0.8800296985342158	0.18025974734718167	0.3263278223028163	0.47993468115984733	0.9963432935951027	0.0	2.012721936605785E-16	0.8800296985342158	0.9986227745379278	0.017593262772450644	1.5164454285022971E-15	2.1049968007849445E-16	0.9834663678180855	0.06654354341560337	1.0	0.4	
43.00000000000003	0.31716643497817243	0.4210904810928434	0.6593300370849371	0.8071359813351175	0.8800310202439382	0.1802596510300461	0.3263278223786337	0.4799346866188178	0.9963437626409157	0.0	1.3418146244038566E-16	0.8800310202439382	0.9986221176550738	0.011873682207089151	1.014834825589649E-15	1.4033312005232962E-16	0.9873402760291404	0.04528764864468021	1.0	0.4	
43.333333333333364	0.21567431981408886	0.5383674484950635	0.45274288653855677	0.8417128271430351	0.8800319525032331	0.18025958428419955	0.3263278224291787	0.47993469033082353	0.9963440932631015	0.0	8.945430829359044E-17	0.8800319525032331	0.9970448407967869	0.008025666686859504	6.787072207198313E-16	9.355541336821974E-17	0.9769687488301007	0.03078483425903858	1.0	0.4	
43.6666666666667	0.14681413929417314	0.6248685722486382	0.3060428121320191	0.796323802203235	0.8800326094341796	0.18025953806360467	0.3263278224628753	0.4799346928539554	0.9963443263210816	0.0	5.96362055290603E-17	0.8800326094341796	0.9934235164446282	0.005555395792822566	4.546221508066194E-16	6.237027557881317E-17	0.9106639995521688	0.020910480831252687	1.0	0.4	
44.000000000000036	0.1025440899808768	0.6714106140396137	0.20582916363470916	0.6557458830906588	0.8800330719192909	0.18025950607846658	0.32632782248533965	0.4799346945683509	0.9963444906022499	0.0	3.9757470352706863E-17	0.8800330719192909	0.9878285928802161	0.004644362286097612	3.0523210419781153E-16	4.158018371920878E-17	0.7475167803189464	0.0142025249635791	1.0	0.4	
44.33333333333337	0.08337687135944805	0.6557560016765025	0.1382081909145419	0.48790178862699585	0.8800333972185045	0.18025948395910305	0.3263278225003159	0.47993469573281966	0.9963446063951518	0.0	2.650498023513791E-17	0.8800333972185045	0.9807682094136656	0.007431333847300936	2.034880694652077E-16	2.772012247947252E-17	0.5534963724534788	0.009685780223726024	1.0	0.4	
44.66666666666671	0.11207564671947183	0.5668579638967003	0.09298375853743207	0.3459755727472844	0.8800336258242845	0.1802594686722357	0.32632782251030007	0.479934696523491	0.9963446880020479	0.0	1.7669986823425274E-17	0.8800336258242845	0.9729960954247279	0.021266129232181324	1.3565871297680514E-16	1.8480081652981678E-17	0.39072303163798927	0.006813863836762394	1.0	0.4	
45.00000000000004	0.22950334205919923	0.4409134414564917	0.06365591465453833	0.24015964922613492	0.8800337863414928	0.18025945811390773	0.3263278225169562	0.4799346970601779	0.9963447455069364	0.0	1.177999121561685E-17	0.8800337863414928	0.9652650654431207	0.06347776425310722	9.043914198453677E-17	1.232005443532112E-17	0.2702557424464661	0.005698888016094682	1.0	0.4	
45.33333333333338	0.4059155966683456	0.32218866785854033	0.0495964801107276	0.16511857054745066	0.8800338989566936	0.18025945082585612	0.3263278225213936	0.47993469742435085	0.9963447860204183	0.0	7.853327477077899E-18	0.8800338989566936	0.9581935313207398	0.1528105285177695	6.029276132302452E-17	8.213369623547414E-18	0.18527980091760626	0.008885889367226785	1.0	0.4	
45.666666666666714	0.5714466138055393	0.2280816356633194	0.06968613590849057	0.113481787965618	0.8800339779015555	0.18025944579808137	0.32632782252435183	0.47993469767138724	0.9963448145566611	0.0	5.235551651385266E-18	0.8800339779015555	0.9524758091007397	0.28162624040963835	4.019517421534969E-17	5.475579749031609E-18	0.1270160675703257	0.033107808564879465	1.0	0.4	
46.00000000000005	0.6999406713959306	0.15891752750661048	0.17746782350064963	0.08092773884580187	0.8800340331999048	0.1802594423315406	0.32632782252632403	0.4799346978389145	0.99634483465145	0.0	3.490367767590177E-18	0.8800340331999048	0.9500804196309774	0.419285496809787	2.6796782810233127E-17	3.6503864993544066E-18	0.0905909278716176	0.1391281169026583	1.0	0.4	
46.333333333333385	0.7923435572711561	0.11000384800260019	0.36147039873403486	0.07253343260214609	0.8800340719053031	0.18025943994273594	0.3263278225276388	0.4799346979524903	0.9963448487979154	0.0	2.3269118450601183E-18	0.8800340719053031	0.954413021996146	0.5401120299196793	1.7864521873488753E-17	2.4335909995696044E-18	0.09891966556847673	0.3312715946531439	1.0	0.4	
46.66666666666672	0.8552433863340774	0.07680023596033335	0.5393535608820367	0.07597895768709814	0.8800340989767362	0.18025943829746996	0.32632782252851533	0.479934698029468	0.9963448587538033	0.0	1.5512745633734125E-18	0.8800340989767362	0.9632119286694637	0.614404381230002	1.1909681248992502E-17	1.6223939997130697E-18	0.2585892490097874	0.5166604656424305	1.0	0.4	
47.00000000000006	0.8966628584617816	0.054902666141160406	0.677619718840142	0.06837398783752274	0.8800341178975668	0.18025943716488776	0.3263278225290997	0.47993469808162686	0.9963448657581964	0.0	1.034183042248942E-18	0.8800341178975668	0.9721431658504164	0.5284619440192301	7.939787499328335E-18	1.0815959998087133E-18	0.46798044730444266	0.6569255153054898	1.0	0.4	
47.33333333333339	0.9253762122771152	0.03978911227227037	0.7771548207248494	0.05502649340973648	0.8800341311125606	0.1802594363856172	0.3263278225294893	0.4799346981169597	0.9963448706843901	0.0	6.894553614992945E-19	0.8800341311125606	0.9795530947787372	0.3813439427416151	5.29319166621889E-18	7.210639998724755E-19	0.6327127188922541	0.7301555328874166	1.0	0.4	
47.66666666666673	0.9461724825383641	0.02889833640469528	0.8468401430019747	0.043100175447806754	0.8800341403361466	0.18025943584969967	0.32632782252974896	0.4799346981408885	0.9963448741477371	0.0	4.596369076661964E-19	0.8800341403361466	0.9852398338845473	0.2638381206020226	3.5287944441459266E-18	4.80709333248317E-19	0.7496100272013922	0.6965010041445622	1.0	0.4	
48.000000000000064	0.9612532793520427	0.020997921952310997	0.8950498892670441	0.03782047204427408	0.8800341467696368	0.18025943548131193	0.3263278225299221	0.47993469815709	0.9963448765817224	0.0	3.064246051107976E-19	0.8800341467696368	0.9894481593439548	0.18016108121047436	2.352529629430618E-18	3.2047288883221134E-19	0.8301968819739022	0.565032057182068	1.0	0.4	
48.3333333333334	0.9717766891174515	0.01547227855658299	0.9281937528408372	0.05171338087791779	0.8800341512541483	0.18025943522819826	0.3263278225300375	0.47993469816805706	0.9963448782916283	0.0	2.0428307007386509E-19	0.8800341512541483	0.9925020360584668	0.12235048898523773	1.5683530862870787E-18	2.1364859255480758E-19	0.8851442937268207	0.41662447412018744	1.0	0.4	
48.666666666666735	0.9774671331590384	0.012501341627634737	0.9508801611032504	0.12075279133373554	0.8800341543781601	0.18025943505436418	0.32632782253011444	0.479934698175479	0.9963448794923832	0.0	1.3618871338257674E-19	0.8800341543781601	0.9946923424084029	0.08286301443424815	1.0455687241913858E-18	1.4243239503653837E-19	0.922419112033604	0.2944983757983234	1.0	0.4	
49.00000000000007	0.9686799978351849	0.015944032117899607	0.9662891196823241	0.27337372954719336	0.8800341565530955	0.18025943493502902	0.32632782253016573	0.4799346981805008	0.9963448803352533	0.0	9.07924755883845E-20	0.8800341565530955	0.9962513167096584	0.056034051192757575	6.970458161275905E-19	9.49549300243589E-20	0.9476375462691973	0.20427122028488054	1.0	0.4	
49.33333333333341	0.8697485522754712	0.04801271928507021	0.9761910476141585	0.45592102441513516	0.8800341580663883	0.1802594348531408	0.32632782253019993	0.4799346981838978	0.9963448809266624	0.0	6.0528317058923E-20	0.8800341580663883	0.9973547370910043	0.037857072490592114	4.64697210751727E-19	6.330328668290594E-20	0.9646721647368401	0.1403726336709749	1.0	0.4	
49.66666666666674	0.6520546344309609	0.14562176364313376	0.9760026289834723	0.6126365513904952	0.8800341591187115	0.18025943479697157	0.32632782253022274	0.47993469818619516	0.9963448813414579	0.0	4.0352211372615345E-20	0.8800341591187115	0.9981303300298995	0.0255620212222797	3.097981405011514E-19	4.22021911219373E-20	0.9761607740358473	0.0959770394998691	1.0	0.4	
50.00000000000008	0.45584531136997886	0.2870042036571431	0.8877047624463154	0.7301144605962951	0.8800341598500716	0.1802594347584588	0.32632782253023795	0.4799346981877487	0.9963448816322595	0.0	2.690147424841023E-20	0.8800341598500716	0.9986466398988267	0.01725390509358586	2.0653209366743427E-19	2.813479408129154E-20	0.9838174048818658	0.06542996585135606	1.0	0.4	
50.333333333333414	0.3121315985775889	0.42661327024261786	0.6496425307656704	0.8097258375775555	0.8800341603580852	0.18025943473206235	0.3263278225302481	0.47993469818879897	0.9963448818360459	0.0	1.7934316165606818E-20	0.8800341603580852	0.9985984149923687	0.011644249028829465	1.376880624449562E-19	1.8756529387527694E-20	0.9873958452971424	0.04452463418653621	1.0	0.4	
50.66666666666675	0.21221769279124147	0.5427071747254459	0.445568710652155	0.8418525786542438	0.8800341607107706	0.1802594347139771	0.3263278225302549	0.4799346981895089	0.9963448819787928	0.0	1.1956210777071213E-20	0.8800341607107706	0.9969404136626561	0.007872214396717881	9.17920416299708E-20	1.2504352925018465E-20	0.9758356485951458	0.03026349927182189	1.0	0.4	
51.000000000000085	0.14450543047736342	0.6277934642531754	0.30109147832395566	0.7922626396560962	0.8800341609554928	0.18025943470159073	0.3263278225302594	0.4799346981899887	0.9963448820787405	0.0	7.970807184714143E-21	0.8800341609554928	0.9932317972956879	0.005463769601633516	6.119469441998052E-20	8.336235283345645E-21	0.9057994905116142	0.020554998083359553	1.0	0.4	
51.33333333333342	0.10117826761237034	0.6722788331234821	0.20247363540081792	0.648885442164371	0.8800341611252148	0.18025943469311034	0.3263278225302624	0.47993469819031276	0.9963448821486912	0.0	5.313871456476095E-21	0.8800341611252148	0.9875629980564391	0.0046474622694592585	4.079646294665369E-20	5.557490188897097E-21	0.739493526929678	0.013961000980625773	1.0	0.4	
