0.0	0.0	0.0	0.0	0.0	0.0	0.0	0.0	0.0	0.0	0.0	0.0	0.0	0.0	0.0	0.0	0.0	0.0	0.0	0.0	0.0	
0.3333333333333333	0.3333333333333333	0.0	0.0	0.0	0.3333333333333333	0.3333333333333333	0.0	0.0	0.0	0.0	0.0	0.3333333333333333	0.0	0.3099654278182973	0.0	0.0	0.0	0.0	1.0	0.0	
0.6666666666666666	0.5555555555555556	0.0	0.16666666666666666	0.0	0.38888888888888884	0.5555555555555556	0.0	0.0	0.2447311406503798	0.061896355665452006	0.0	0.38888888888888884	0.0	0.5166090463638288	0.0	0.0	0.0	0.14419982094926442	1.0	0.0	
1.0	0.7037037037037037	0.0	0.4112306092506325	0.01598727988775345	0.29247309445307107	0.7037037037037037	0.0	0.0	0.4402022251670076	0.2917719813848059	0.0014985869205469229	0.29247309445307107	0.11531872776145946	0.6543714587275165	0.0	0.004887990175151768	0.03321383519381187	0.38432192695430045	1.0	0.0	
1.3333333333333333	0.8016404331689494	1.2631366123436863E-4	0.5972684858246838	0.03629177653268155	0.2052006499777852	0.8024691358024691	5.09760239736626E-5	0.0	0.5043504233036137	0.5095821567074439	0.023732778212241373	0.2052006499777852	0.36844565825404085	0.7321962193347994	2.293338141732367E-4	0.12993547781181075	0.25500392112944176	0.57436856706236	1.0	0.0	
1.6666666666666665	0.8654968021416435	2.6330758845296095E-4	0.7270490464166439	0.03829322410088223	0.1412154293038106	0.8683127572016461	9.654536152949183E-4	2.290964175053433E-6	0.4509773655994693	0.665980291566196	0.13735132610181108	0.1412154293038106	0.5629701890804805	0.6096879159500059	0.01915349918257645	0.3722550071966426	0.47945712908943383	0.7081513578724907	1.0	0.0	
1.9999999999999998	0.9078985967561116	2.953601143660609E-4	0.8156540726301127	0.032596826883452265	0.09642692321282587	0.9122084018850335	0.011761297604476938	4.527018840281742E-5	0.35073033032524387	0.7704259193390384	0.337385235824297	0.09642692321282587	0.696524504132926	0.4339881139866454	0.21460766082953925	0.5676658221977785	0.644526007627962	0.7837922955216581	1.0	0.0	
2.333333333333333	0.9366337306200055	2.6295210642226575E-4	0.8756944300814467	0.026101300921974394	0.06558824960961016	0.9414702334937384	0.08283240192815283	6.170416917242186E-4	0.2554698558186359	0.8375624023526965	0.5259712250588651	0.06558824960961016	0.7850423250145764	0.30002302159644667	0.44609766335751044	0.7059130570953192	0.759109747732097	0.770728964924981	1.0	0.0	
2.6666666666666665	0.9562727866501857	2.1001213845457239E-4	0.9162466591474762	0.02259754522190734	0.0445139197858115	0.96095228498848	0.23622898558836103	0.008345166930907954	0.1805359050085965	0.8794849927529097	0.6701242197056895	0.0445139197858115	0.8423365000832727	0.20525127111701236	0.620642966333908	0.8007814696683228	0.8373082516356014	0.6484166596901646	1.0	0.0	
3.0	0.9696048684973546	1.5986117323835874E-4	0.9435912784503687	0.029442828251188245	0.03017011118041269	0.9735643612198878	0.40344945705517343	0.08282338594411928	0.12568096016174235	0.9047841224990916	0.7730115115105901	0.03017011118041269	0.8786110351553964	0.13967079000201404	0.7425871893679944	0.8651809759896493	0.8903121123825498	0.4870516212907906	1.0	0.0	
3.3333333333333335	0.9780118854717441	1.2384896845275785E-4	0.9620115668379018	0.07176785994957074	0.02043503953541921	0.9744439554674145	0.5449084579218666	0.28237447349204103	0.0867881286145572	0.9194121658418514	0.8445133877225374	0.02043503953541921	0.9010551156748294	0.09476447219591527	0.826013311252206	0.9086703166014654	0.9261201093126858	0.3469339240641248	1.0	0.0	
3.666666666666667	0.9791329564416025	1.2183525256497298E-4	0.9744043528005735	0.19389292874666564	0.013933446141577342	0.86520272262742	0.6536619182597206	0.48545576680810043	0.05965082446424447	0.9273998620633042	0.8935944616589953	0.013933446141577342	0.9145922206635418	0.06418465712430585	0.8826277141674852	0.9379457419781526	0.9502675828837976	0.24141326617254338	1.0	0.0	
4.0	0.9384130601407442	6.744335609236981E-4	0.9826806544606544	0.3760671832727607	0.011652991815959756	0.6343749206297892	0.7338001183168686	0.6417051304395144	0.040890550062736855	0.9313985523427915	0.9270565229813144	0.011652991815959756	0.9225137598359496	0.04342596466863338	0.9208989780961332	0.9576062062327511	0.9665344502999719	0.16611914098466204	1.0	0.0	
4.333333333333333	0.7536262508402785	0.005747473813431745	0.9875755211455333	0.5490657179679692	0.025563206221285495	0.4397048674971036	0.79157891847752	0.7531490816870361	0.028172567730899892	0.9330949050104564	0.9496251212979923	0.025563206221285495	0.9269686201146281	0.029360689779448376	0.9466868641238577	0.9707823488465124	0.977484731584919	0.1136380946271997	1.0	0.0	
4.666666666666666	0.537378312323178	0.034043593382758586	0.9840443693868838	0.6841743568129566	0.09863492469604053	0.2999319274413942	0.8327008236772893	0.8305617353886336	0.02117732076437279	0.9334810421229326	0.9635500727496535	0.09863492469604053	0.9292982714359214	0.01984185011193823	0.9637898284422688	0.9795952639571132	0.9848449979438046	0.07747732156594206	1.0	0.0	
4.999999999999999	0.37021404581374473	0.1382659687768184	0.9315138577180972	0.7817401753180253	0.264580367821392	0.20334177275212978	0.8616008449256598	0.8837243922988666	0.036819114653749936	0.9326285032856547	0.9607071260854563	0.264580367821392	0.9299563691940815	0.01340488982027211	0.9733473514925564	0.9854770580982951	0.9897086794068046	0.05271656557548893	1.0	0.0	
5.333333333333332	0.25212367117638323	0.3237059149487349	0.7157781287213756	0.8484377738377967	0.4561838440347046	0.1374681029555096	0.8805713528217236	0.9200232949825764	0.20727118322664176	0.926211614409085	0.8573359612510474	0.4561838440347046	0.9269281686153594	0.009055233543297563	0.9592215992585041	0.9893838435252562	0.9921859663580729	0.03582321994683558	1.0	0.0	
5.666666666666665	0.1709117741094653	0.5097265303200619	0.49184818134200703	0.8812293067497968	0.6159839647019483	0.09280196552347136	0.8795906989325976	0.9447013527608386	0.43872547034596016	0.8809113261654146	0.6356732118235185	0.6159839647019483	0.9198419877917401	0.006126017128183768	0.8130557308307325	0.9918773817814784	0.9855278454255099	0.02432313377356473	1.0	0.0	
5.999999999999998	0.11590647427368167	0.6556293034056911	0.3314117795326028	0.849618256743723	0.7342508685312623	0.06260510325868372	0.8193618204479959	0.9611300858383313	0.6158200724647701	0.7527986443017805	0.44136659323565564	0.7342508685312623	0.9160291341793662	0.004247914299670663	0.5891245453382652	0.9926121218002579	0.9355666699984465	0.016506036760978893	1.0	0.0	
6.333333333333331	0.0800658014915128	0.7581783162651798	0.22215075633268672	0.7176376455886677	0.8178574816047047	0.04222837424894052	0.6790148571841533	0.9703136253518345	0.7395903858624964	0.5759972674188907	0.3002648597722336	0.8178574816047047	0.9154033618468711	0.0036355294895033625	0.4076517161608063	0.9882592744294884	0.7885493185824384	0.01120219283936192	1.0	0.0	
6.666666666666664	0.06250035726364425	0.8193476359079529	0.14860779974634825	0.5406100875864805	0.8757902365755781	0.028517090271385666	0.5102500507314626	0.9677416783891223	0.8241717014920289	0.4143309019879751	0.20258506922894837	0.8757902365755781	0.9165478326991404	0.006462843300571809	0.27821080344458093	0.9639158449820757	0.5921902181381187	0.007636805624672888	1.0	0.0	
6.999999999999997	0.07904039140569682	0.8264268830568496	0.09934996016873204	0.38494461091141474	0.915537090351276	0.0194110314073343	0.36417831601161205	0.9310414086792695	0.8815045529338136	0.290194151193157	0.13611795660465464	0.915537090351276	0.9184361408779484	0.02061929381377744	0.18914028814972395	0.8776793597979778	0.42031522867910676	0.005398721184813093	1.0	0.0	
7.33333333333333	0.1733380066328129	0.746659860198839	0.06656850132304665	0.26744941287493207	0.9426535610848148	0.01390191654243638	0.2537204472583345	0.8157362514175086	0.9202240571777972	0.20218452343048027	0.09123735688548651	0.9426535610848148	0.9204856161359315	0.06480743781460724	0.12927787813945887	0.7102901682337461	0.291276102410971	0.004713726549473845	1.0	0.0	
7.666666666666663	0.34493822719532313	0.5934853640998825	0.04557641826792855	0.18370015110958637	0.9610618671400837	0.013172516501234471	0.17468021776373666	0.6356146958557809	0.946322892546096	0.14504048428877006	0.061059208834048015	0.9610618671400837	0.9224163860495973	0.15807206865902002	0.09135106639283536	0.5263218865771913	0.19967280872762894	0.00839982995261039	1.0	0.0	
7.9999999999999964	0.5214488425121053	0.43449652623365737	0.036342968381239925	0.12548665535686201	0.9733755645628327	0.02640195072597521	0.11950418673480978	0.46084523007678646	0.9638954125392932	0.12097352805295018	0.040821970808345875	0.9733755645628327	0.9241778569420857	0.29071908126387647	0.07136515516292374	0.3750507690756025	0.13621113045649774	0.034972517237522316	1.0	0.0	
8.33333333333333	0.663306468790257	0.30527894453815396	0.052815918908769355	0.08571853379413623	0.9807461433281324	0.08716981168896237	0.08145886324796464	0.3231822255889565	0.9757180211650331	0.1505649423244942	0.027281002343381627	0.9807461433281324	0.9261051612119648	0.43162598683393094	0.06379848123660552	0.26639366798161607	0.09307516470463328	0.14898635695254658	1.0	0.0	
8.666666666666664	0.767107024466091	0.2096173558626398	0.14097396253402772	0.05960386609322388	0.9784759244157948	0.23448894138599793	0.05540146849969242	0.22315921888368312	0.9836612034377091	0.2581989178547394	0.018245200290569655	0.9784759244157948	0.9297584245374105	0.5573186738271535	0.060366569668072384	0.2038821664288949	0.06588552040976092	0.34602584422135596	1.0	0.0	
8.999999999999998	0.8401296858156095	0.1419959696337681	0.3154406349456229	0.04487178623216894	0.9097688567797905	0.4224268172332184	0.03762548761950826	0.15289317130504065	0.98893796133758	0.4275576779973128	0.012265997592305022	0.9097688567797905	0.9384687586621787	0.6577736787496403	0.05759230474160859	0.23161379788922917	0.06661580064492331	0.5312629061211365	1.0	0.0	
9.333333333333332	0.8903914517171095	0.09559865687278296	0.500395852776986	0.037254527944028906	0.6991877325053419	0.5877338848752472	0.025530766982579	0.1043043545910751	0.9917803146573706	0.59248596559914	0.008910471725102335	0.6991877325053419	0.9512468347662073	0.7239584117460167	0.07062646125234606	0.39847842474121	0.19390348530043863	0.6727350559488073	1.0	0.0	
9.666666666666666	0.9245834797069861	0.06419236141134121	0.6493858656656879	0.030766447563539936	0.4918760540742938	0.713004935294619	0.01733837309974494	0.07097933116339214	0.9889862170416316	0.718052403046565	0.011969353709089272	0.4918760540742938	0.9635689331101505	0.6691929468138177	0.18894978909936005	0.5741853469969447	0.41134732601637364	0.7731606182956791	1.0	0.0	
10.0	0.947898153712379	0.04303100009585757	0.7581130451191899	0.0243705156434099	0.3373920747487872	0.8025743675396659	0.011994378888924347	0.048229334722094425	0.967796199150973	0.8046820566017764	0.04087248578169833	0.3373920747487872	0.973516016339366	0.5005342742418467	0.39552518769786327	0.7070312907241956	0.5917710869102433	0.8352867969130795	1.0	0.0	
10.333333333333334	0.9639024004358121	0.02880744472464255	0.8344910464904796	0.018851028376627568	0.22933880799241546	0.8650256828170065	0.009788458089640389	0.032752637707593714	0.8927968940417587	0.8606951645459539	0.14611949518145012	0.22933880799241546	0.9808831138695787	0.35155879721444827	0.57592460203942	0.800360992731741	0.721331650137595	0.838991559720298	1.0	0.0	
10.666666666666668	0.9749321435339997	0.019265916300514253	0.8872469881099883	0.015280615539342979	0.15526121210647564	0.9080395745460523	0.019001674953066407	0.022314932532818896	0.7380958358726135	0.8953519199019915	0.32823278423378044	0.15526121210647564	0.9858047382177006	0.2418776047597836	0.7085610462629048	0.8644232915236529	0.810962457733921	0.7430210172868918	1.0	0.0	
11.000000000000002	0.9825010615867203	0.012876764008402354	0.9233799288193574	0.016792293864926183	0.10489262092919213	0.9374680974198298	0.08315078971787102	0.01588880591727329	0.5542135741066485	0.9157693559617132	0.5107779148276749	0.10489262092919213	0.98821404580882	0.16499425258125272	0.8014102295306111	0.907968402389856	0.8721488498296799	0.5771683819135367	1.0	0.0	
11.333333333333336	0.9874572548910499	0.0086085799269786	0.9480119733461896	0.03637530973088951	0.07078181876736378	0.9574891990141828	0.22812364391722473	0.018580160851555623	0.3953433585948783	0.9270550139119288	0.6557191549679051	0.07078181876736378	0.9879947527140232	0.11207718500229841	0.865235232845952	0.9374098919259939	0.9136702940468419	0.4172189612127455	1.0	0.0	
11.66666666666667	0.9893677337908833	0.005773552999935925	0.9647537683380464	0.11301201245746886	0.04773179599976636	0.9706735067291576	0.39280679078978964	0.08333870577466143	0.27531940410270284	0.9327262990071538	0.7612829409247218	0.04773179599976636	0.9852623393214196	0.07595674787297979	0.9087489349239181	0.9572429257840676	0.9417612334613322	0.2921482243987098	1.0	0.0	
12.000000000000004	0.9786741322612649	0.00391793480520827	0.9760930774731282	0.27370950993659293	0.032181212422457375	0.9724295029428175	0.5349954561427241	0.27454883644319183	0.1894937114580747	0.9351093796182696	0.8355222576221089	0.032181212422457375	0.9804620321207175	0.05140742651204769	0.9382877512518822	0.9705627456378504	0.9607334012376563	0.2015948206700071	1.0	0.0	
12.333333333333337	0.8761015948750481	0.0027509675178203083	0.9836062522280772	0.4596014190882637	0.021790761312267294	0.8711631663996112	0.6454705742098504	0.47730073545125273	0.12961417728472682	0.9356795380736264	0.8868918885299788	0.021790761312267294	0.9742976415717863	0.034763147701007954	0.9582891503750982	0.9794826898278431	0.973533662298266	0.13808146171729518	1.0	0.0	
12.666666666666671	0.6542982999925218	0.0030487990515173902	0.9867569314260692	0.6166220100926377	0.016737943976553257	0.6420962888822384	0.7273893126824664	0.635240533839034	0.08835424223452376	0.9353224001120558	0.9221293916084823	0.016737943976553257	0.9675364521142535	0.023495045477728384	0.9718088855186695	0.9854388162431531	0.9821623695270721	0.0941922692444438	1.0	0.0	
13.000000000000005	0.45668380750343096	0.011364084771361659	0.9751699276520265	0.7337346469892767	0.02789478658034757	0.44573688271742395	0.7867026440201969	0.7484052350068298	0.06030210620585419	0.0	0.94603201974828	0.02789478658034757	0.9607240788248312	0.01587368368267551	0.9808849682265196	0.9894036224241165	0.9879534985963447	0.06409849076886691	1.0	0.0	
13.33333333333334	0.31244787359789805	0.05512024195586185	0.903171445534147	0.8164768230637542	0.0965889467956603	0.3042301152029325	0.8290521951835463	0.8271833286299772	0.042895531329614524	0.0	0.63068801316552	0.0965889467956603	0.9533772686146084	0.010722249466429265	0.9865419038380095	0.659602414949411	0.9916683954966624	0.04355429766186888	1.0	0.0	
13.666666666666673	0.2121760298373666	0.18622041201909542	0.7092651996081742	0.8717527377228029	0.25906980594236295	0.20632052935259093	0.7836553278222583	0.8813514323075773	0.05032264727047494	0.0	0.4204586754436801	0.25906980594236295	0.9401725109547602	0.007243870070374338	0.9570302471894048	0.4397349432996074	0.9929624607596598	0.02956624020172393	1.0	0.0	
14.000000000000007	0.14364662402908246	0.3771594039969176	0.4939760386462534	0.8978009178750072	0.4505720007930092	0.13950943175900904	0.6430046740086652	0.9156753926360155	0.21029534951441792	0.0	0.28030578362912006	0.4505720007930092	0.8994870945363632	0.004909361286621143	0.7398272436056985	0.2931566288664049	0.9855407589437235	0.020057923466762932	1.0	0.0	
14.333333333333341	0.09735928583158696	0.551619436808496	0.3340008155094346	0.8647306614150791	0.6115382186352952	0.09424377006389739	0.47789556005486333	0.9271678097570836	0.4392600058918534	0.0	0.18687052241941338	0.6115382186352952	0.8569622911104211	0.003434160494410145	0.507769565504878	0.19543775257760326	0.9364749059410159	0.013602329403336003	1.0	0.0	
14.666666666666675	0.0672826178809092	0.6816019271183992	0.22416515839921336	0.7324501725789827	0.7310048001905612	0.06385753616229288	0.3388759215669501	0.8904051349266076	0.6158549017933488	0.0	0.12458034827960893	0.7310048001905612	0.8473087507354402	0.0030609197852726477	0.34200819208066613	0.13029183505173553	0.7916172047766674	0.009227268251140047	1.0	0.0	
15.000000000000009	0.05293245609320452	0.7629229800442723	0.15004796258383984	0.5526241427041511	0.8155348248102251	0.044326938785274494	0.23523779213546975	0.7655132772677486	0.7395098764535957	0.0	0.08305356551973928	0.8155348248102251	0.8544788375580733	0.005854417828322656	0.22923028524881744	0.0868612233678237	0.5957218892279385	0.0062928043204777285	1.0	0.0	
15.333333333333343	0.06928028999590259	0.7832926316537078	0.10035684105148579	0.39366292255495033	0.8740466231912204	0.03566848354547943	0.16160551357469707	0.5868154837013213	0.8240733623735462	0.0	0.05536904367982619	0.8740466231912204	0.8671092723192937	0.019187500217697124	0.15335793862060199	0.0579074822452158	0.42323075216678985	0.004472259514683961	1.0	0.0	
15.666666666666677	0.15985783244847124	0.7107162147181644	0.06728718514846306	0.2735130741613298	0.9138191541451651	0.04971774889987785	0.11040357046966756	0.42212167680276547	0.8814146943855022	0.0	0.03691269578655079	0.9138191541451651	0.8801321704424591	0.06079934245310034	0.10255791864139346	0.0386049881634772	0.29343453341704084	0.004005311454342182	1.0	0.0	
16.00000000000001	0.3304052809270701	0.5552012518909668	0.046186593585492416	0.18785024864565608	0.9390374312467615	0.12602639654470293	0.07518000673712644	0.29500218306873294	0.9201446932797289	0.0	0.024608463857700526	0.9390374312467615	0.89163469670518	0.1501423463472289	0.06867254610134937	0.02573665877565147	0.20120795435564143	0.007423161471632054	1.0	0.0	
16.333333333333343	0.5094467399893579	0.3924535930415073	0.03769769342877913	0.12831964888403422	0.9415385850466668	0.28758122792558816	0.051091321331103445	0.20337942270389825	0.9462340637485096	0.0	0.016405642571800348	0.9415385850466668	0.901176402533338	0.2796589489192415	0.04612798693418363	0.017157772517100982	0.1372936978374772	0.031068679091200577	1.0	0.0	
16.666666666666675	0.6544520232433546	0.2672022459891103	0.06123910044640252	0.08773185117595558	0.8383420278025088	0.4714935236700134	0.034675041954014246	0.13923787101875884	0.9636518900554166	0.0	0.010937095047866899	0.8383420278025088	0.9092733979132599	0.4185477903226291	0.031107804657093126	0.011438515011400655	0.09391084309039371	0.13592370164910064	1.0	0.0	
17.000000000000007	0.7608453552028762	0.1798886070423058	0.17212692172492544	0.061616143998973985	0.6230193410905822	0.6255805766007727	0.023511969114522198	0.09495606840516213	0.9739154684439612	0.0	0.007291396698577932	0.6230193410905822	0.9182476944600498	0.542690217888442	0.02105210333187809	0.007625676674267104	0.06741404541201891	0.3286275405536731	1.0	0.0	
17.33333333333334	0.8357102857971377	0.12061279627202934	0.3599277685093325	0.048567849774193844	0.4344267371163323	0.7402248708594894	0.015932059191117273	0.06460883006474435	0.9731011769690149	0.0	0.004860931132385288	0.4344267371163323	0.9318944127745014	0.6416149473113514	0.014283730304965665	0.005083784449511403	0.08077320371366438	0.5156531784565661	1.0	0.0	
17.66666666666667	0.887082161386107	0.08074130063114898	0.5401413731874116	0.04203778165086863	0.2971906236448465	0.8215849507391195	0.010790325001173016	0.04389798178865004	0.9431125463701947	0.0	0.003240620754923526	0.2971906236448465	0.947610683461347	0.6977917973734282	0.009707958587642625	0.003389189633007602	0.2451156870184344	0.660301831607649	1.0	0.0	
18.000000000000004	0.9219574282233929	0.05401213247520309	0.6796175711485632	0.03506211553895075	0.2018211820772105	0.8781204662652893	0.007305020487628414	0.02979905451504413	0.843997125909347	0.0	0.0021604138366156838	0.2018211820772105	0.9610120413915575	0.5960135753276542	0.006604761925244281	0.0022594597553384013	0.4592318767257496	0.7628152660944038	1.0	0.0	
18.333333333333336	0.9458093516927373	0.03610901043710804	0.7797798636986734	0.027743756425622764	0.13658682752674506	0.9169957256773451	0.0049438146457259306	0.02021625466973446	0.673523031261989	0.0	0.0014402758910771227	0.13658682752674506	0.9705186314040535	0.4284360148985116	0.004495903969670242	0.0015063065035589344	0.627080606966213	0.8177595912163625	1.0	0.0	
18.666666666666668	0.9622727549335761	0.024125790581370044	0.8496275550901542	0.021627250517136425	0.09227055716697033	0.9435750125035162	0.00334485064967416	0.013709571654718762	0.49544181507689666	0.0	9.601839273847485E-4	0.09227055716697033	0.9758098335882223	0.29564805027197527	0.0030609996995454676	0.0010042043357059564	0.7459806607859372	0.789816014554093	1.0	0.0	
19.0	0.973668693635948	0.016111636466251376	0.8976893026826934	0.018722624886287995	0.06226859447062953	0.9616871604622161	0.002262449690407199	0.009294503655258489	0.35005619983943476	0.0	6.401226182564991E-4	0.06226859447062953	0.9771799347495019	0.20149368378486776	0.0020840160415556115	6.694695571373044E-4	0.8278592259345282	0.6569334691011847	1.0	0.0	
19.333333333333332	0.9814509938606553	0.010757272533676015	0.930534120496408	0.02562732592442701	0.04199613883661648	0.9740044951391675	0.0015299548786074538	0.0063000312207711975	0.2426855866785838	0.0	4.267484121709994E-4	0.04199613883661648	0.9753349629804805	0.13662234811307689	0.0014186313151569427	4.4631303809153627E-4	0.8836422505618082	0.4903113459467977	1.0	0.0	
19.666666666666664	0.986184168365537	0.007186344659478603	0.9528918988150091	0.06687634272956629	0.028313273034641463	0.9823703289218204	0.0010343869367214088	0.004269688568253565	0.1666538797378509	0.0	2.8449894144733296E-4	0.028313273034641463	0.9712231160891988	0.0924011529308956	9.654525633844104E-4	2.9754202539435755E-4	0.9214582401086254	0.34805908314969025	1.0	0.0	
19.999999999999996	0.9852596283031091	0.004816076954319624	0.9680670521879478	0.18771176180057292	0.019084286142012113	0.9880476631596891	6.991938889587413E-4	0.0028933538533455413	0.11385196399018058	0.0	1.8966596096488866E-4	0.019084286142012113	0.9658366430398793	0.06240508803172161	6.56844652145362E-4	1.9836135026290503E-4	0.9470272028906299	0.24170035583647925	1.0	0.0	
20.33333333333333	0.9460948569494964	0.0032538043356086293	0.9782972737214628	0.3703932830652319	0.012861978373273266	0.9918984171859172	4.725271066915196E-4	0.0019605069429964477	0.0775459217790854	0.0	1.2644397397659245E-4	0.012861978373273266	0.9600288507346137	0.04211123652810896	4.4673711384479763E-4	1.3224090017527004E-4	0.964289596373204	0.1660849467039897	1.0	0.0	
20.66666666666666	0.7635960492534678	0.0022191252384512524	0.9846242405471762	0.5447668931506714	0.008667863855273154	0.9945093292626701	3.192815772251374E-4	0.0013283204870901057	0.05271997076665551	0.0	8.429598265106164E-5	0.008667863855273154	0.9544119889496665	0.02840202631455563	3.0373356829876757E-4	8.81606001168467E-5	0.9759328377028911	0.11349401221911551	1.0	0.0	
20.999999999999993	0.5452316349343365	0.0015234478886133364	0.9832082344777004	0.6811487328677431	0.005841255444183237	0.9962791749165447	2.156959556095615E-4	8.99930325610991E-4	0.03579952943294011	0.0	5.619732176737443E-5	0.005841255444183237	0.9493121822983599	0.01914942704329821	2.0643489839401442E-4	5.8773733411231135E-5	0.9837743902481443	0.07731065980988955	1.0	0.0	
21.333333333333325	0.3757436435417	0.0010498101478646521	0.9520352392701682	0.7797154306198435	0.003936421880639753	0.9974786995117865	1.456913436377119E-4	6.096615268150491E-4	0.024290596898839105	0.0	3.746488117824962E-5	0.003936421880639753	0.94446328255229	0.012908336616901012	1.402568159616157E-4	3.918248894082075E-5	0.9889845856675409	0.052561861039977856	1.0	0.0	
21.666666666666657	0.2559052221678874	7.248513142661065E-4	0.8388133050266948	0.8478667231991778	0.002652809520712499	0.9982915974860361	9.83901043237261E-5	4.1299417889848475E-4	0.01647271161232293	0.0	2.4976587452166413E-5	0.002652809520712499	0.9373969722675558	0.008700796855390044	9.526160457034297E-5	2.6121659293880506E-5	0.9920319363449526	0.03569202018156123	1.0	0.0	
21.99999999999999	0.17344960017914957	5.009241419532685E-4	0.6524893335954595	0.8908836596885357	0.0017878233739619586	0.9988424445197116	6.643503021471552E-5	2.797531595333764E-4	0.011166742939141574	0.0	1.6651058301444273E-5	0.0017878233739619586	0.9171381153324751	0.005868923495423572	6.46797364377407E-5	1.741443952925367E-5	0.9915667473387666	0.02421706204002698	1.0	0.0	
22.33333333333332	0.11737770278991205	3.462392354628054E-4	0.47137684067360486	0.9044413730981584	0.0012049268430733807	0.9992156981480033	4.485107513709134E-5	1.8948823838865812E-4	0.007567754417826374	0.0	1.1100705534296183E-5	0.0012049268430733807	0.8550706265185846	0.003985079711565223	4.3901447477931633E-5	1.1609626352835781E-5	0.9789692905683962	0.016422487124779856	1.0	0.0	
22.666666666666654	0.07970907901017021	2.392109236870836E-4	0.329601960024638	0.8603647791382689	8.12113132208094E-4	0.9994686056530241	3.0274740135017112E-5	1.2834107955307414E-4	0.005127623283705168	0.0	7.400470356197455E-6	8.12113132208094E-4	0.7247090772134679	0.0028429685304931914	2.9788848230115595E-5	7.739750901890521E-6	0.9217973585084005	0.011133796612976622	1.0	0.0	
22.999999999999986	0.05563236213720901	1.6500196969274024E-4	0.2271465884267096	0.7274897346121227	5.473859562632483E-4	0.9996399652397485	2.0432503103425887E-5	8.69210771810452E-5	0.0034737097798216475	0.0	4.933646904131637E-6	5.473859562632483E-4	0.556809215190467	0.0026950151030257045	2.0206772350156544E-5	5.15983393459368E-6	0.7776431904577984	0.007553508262512217	1.0	0.0	
23.333333333333318	0.04550306824043306	1.1340998341884532E-4	0.1555752349776813	0.5520944789991086	3.689716350022774E-4	0.9997560691746881	1.3787894787038323E-5	5.886541357307261E-5	0.0023529501687474183	0.0	3.2890979360877582E-6	3.689716350022774E-4	0.40298217749089194	0.005253902804309173	1.370290412534408E-5	3.4398892897291203E-6	0.5886398763579466	0.005159669704631675	1.0	0.0	
23.66666666666665	0.06446987479869681	7.755662093932031E-5	0.10680463796190034	0.39562165341377775	2.4872251943219804E-4	0.9998347337356444	9.302746059349489E-6	3.9863060251508394E-5	0.0015936134019334065	0.0	2.192731957391839E-6	2.4872251943219804E-4	0.28313085258711135	0.016402862368341938	9.289764708904764E-6	2.2932595264860805E-6	0.4207454176459813	0.003687087715000352	1.0	0.0	
23.999999999999982	0.15512201765772093	5.275700310591777E-5	0.07641540216151756	0.2762721490422105	1.6767193305080815E-4	0.9998880311415255	6.275707655436816E-6	2.6993303008770992E-5	0.0010792219324564248	0.0	1.4618213049278927E-6	1.6767193305080815E-4	0.19608324945146677	0.05104522197211639	6.29617967304746E-6	1.5288396843240537E-6	0.2932231061002031	0.003311501532472704	1.0	0.0	
24.333333333333314	0.3246944489411405	3.571582973539532E-5	0.07906626022055083	0.19099793401525295	1.13039163961451E-4	0.9999241412194221	4.23305617271745E-6	1.8277466395192467E-5	7.308037220799032E-4	0.0	9.745475366185952E-7	1.13039163961451E-4	0.13502633937927386	0.12935270097582813	4.2661248563734484E-6	1.019226456216036E-6	0.20238173412806792	0.005854410562848186	1.0	0.0	
24.666666666666647	0.503828839528917	2.4083823252657803E-5	0.21109221583778842	0.13448986139597954	7.621156047175765E-5	0.9999486062919418	2.8548713921528166E-6	1.2375140754315893E-5	4.948303749710167E-4	0.0	6.496983577457301E-7	7.621156047175765E-5	0.09451558361987594	0.2508114269970213	2.8898657517904232E-6	6.79484304144024E-7	0.14223652616318083	0.02273378164022529	1.0	0.0	
24.99999999999998	0.6487458387368813	1.6192733537518897E-5	0.42414857136153394	0.14096849873591621	5.138496799319303E-5	0.9999651815547743	1.9251368450452173E-6	8.378342718912792E-6	3.3502725623828244E-4	0.0	4.3313223849715337E-7	5.138496799319303E-5	0.08935718378269586	0.3855575708879815	1.957099462136156E-6	4.5298953609601605E-7	0.1534933679192344	0.10444917387343772	1.0	0.0	
25.33333333333331	0.7431403786264598	0.0	0.600220261955916	0.2463120246881057	3.464771153784765E-5	0.999976411305942	1.2980173766558648E-6	5.672043681773655E-6	2.268162312833979E-4	0.0	2.8875482566476895E-7	3.464771153784765E-5	0.18248112267188382	0.46539459096297375	1.3250814512235673E-6	3.0199302406401073E-7	0.34414307697799784	0.28282082249214197	1.0	0.0	
25.666666666666643	0.7432684647873192	0.0	0.7260892545348354	0.26625349073190074	2.3363403874659525E-5	0.9999840193933816	8.750734509781093E-7	3.8396722547149816E-6	1.5354650686957575E-4	0.0	1.9250321710984597E-7	2.3363403874659525E-5	0.33965771364177977	0.3780841316055763	8.969537063031997E-7	2.013286827093405E-7	0.539434867437931	0.4546865864093145	1.0	0.0	
25.999999999999975	0.7259741552228388	0.0	0.8100098175542592	0.2212973120382828	1.575508004006412E-5	0.9999891737718306	5.898679854629167E-7	2.599091583012526E-6	1.0393909399565869E-4	0.0	1.2833547807323066E-7	1.575508004006412E-5	0.49027750126522807	0.2699782033567583	6.070131775664312E-7	1.34219121806227E-7	0.6844442063618091	0.510138654786928	1.0	0.0	
26.333333333333307	0.751449535778271	0.0	0.864819444337595	0.1822386501730392	1.0624973704156518E-5	0.999992665756287	3.9756911173940607E-7	1.7592257250718208E-6	7.03545605718607E-5	0.0	8.555698538215377E-8	1.0624973704156518E-5	0.6108402712246843	0.18675416751573642	4.1070480814410954E-7	8.947941453748467E-8	0.7855103734705807	0.4463476018747707	1.0	0.0	
26.66666666666664	0.7932511846465562	0.0	0.9029861992148679	0.18344763878407022	7.1656842433432664E-6	0.9999950314755729	2.6792859910135193E-7	1.190676687842123E-6	4.761907535008707E-5	0.0	5.703799025476918E-8	7.1656842433432664E-6	0.7009839421446884	0.12775465458800073	2.7782277478955905E-7	5.965294302498979E-8	0.8546328233562812	0.34110269208847305	1.0	0.0	
26.99999999999997	0.8204622096921399	0.0	0.9305254660493874	0.2607369177318896	4.8329222750160694E-6	0.9999966341626129	1.8054074878997545E-7	8.05820291579131E-7	3.222893644693107E-5	0.0	3.802532683651279E-8	4.8329222750160694E-6	0.766640232973304	0.08695733823238044	1.8789489539246514E-7	3.976862868332652E-8	0.9016016228319763	0.24574180396854833	1.0	0.0	
27.333333333333304	0.7823751931434214	0.0	0.9499497996908007	0.40731596699715866	3.259748333416543E-6	0.9999977199093437	1.2164162085266235E-7	5.453237355471945E-7	2.1811632302263782E-5	0.0	2.5350217891008527E-8	3.259748333416543E-6	0.8138927293619846	0.059033190463013585	1.2704973807916787E-7	2.651241912221768E-8	0.9334310063244619	0.17247800604213623	1.0	0.0	
27.666666666666636	0.6248954219108376	0.0	0.9613484526805689	0.5622831880702939	2.198772107999241E-6	0.9999984554425824	8.194849493933067E-8	3.6901350963430715E-7	1.4760747453112368E-5	0.0	1.6900145260672354E-8	2.198772107999241E-6	0.8476147354396812	0.04001593280755071	8.589080823670556E-8	1.7674946081478455E-8	0.9549646973081083	0.11952555083850855	1.0	0.0	
27.999999999999968	0.4480909405504635	0.0	0.9550478334991459	0.6893671307268103	1.4831941823510506E-6	0.9999989537182917	5.520171728681283E-8	2.49690273663312E-7	9.988661297374475E-6	0.0	1.1266763507114905E-8	1.4831941823510506E-6	0.8713159470673045	0.02710035717657116	5.805452732869891E-8	1.1783297387652304E-8	0.9694879245721141	0.08226630268491952	1.0	0.0	
28.3333333333333	0.3102000445333367	0.0	0.8934074185353477	0.7829768899211269	1.0005463426550959E-6	0.9999992912623282	3.718073639630271E-8	1.6893993787125545E-7	6.759050804093665E-6	0.0	7.511175671409936E-9	1.0005463426550959E-6	0.8864488421871582	0.018343422536272566	3.923234386207811E-8	7.855531591768204E-9	0.979078983290328	0.056398091010570195	1.0	0.0	
28.666666666666632	0.21205689104634423	0.0	0.7400316438859368	0.8469741360655934	6.749903346449796E-7	0.9999995199191406	2.5040218616878777E-8	1.1429684716809372E-7	4.5734540758908575E-6	0.0	5.007450447606624E-9	6.749903346449796E-7	0.8889662080254233	0.012414172280252381	2.6507779656244673E-8	5.237021061178802E-9	0.9843634435803329	0.03857003960845799	1.0	0.0	
28.999999999999964	0.1442437567246712	0.0	0.552682616689518	0.8821872382267026	4.5538507452362357E-7	0.9999996748116815	1.6862186420292155E-8	7.732274720212725E-8	3.094452332771641E-6	0.0	3.338300298404416E-9	4.5538507452362357E-7	0.860298950449602	0.008412801696795248	1.790710893165261E-8	3.4913473741192015E-9	0.9819906374913893	0.026336447539310172	1.0	0.0	
29.333333333333297	0.09810527284960724	0.0	0.3923298047891832	0.8738585760524646	3.072420550969733E-7	0.9999997797343171	1.1353929175180513E-8	5.230597609334185E-8	2.0936533987589963E-6	0.0	2.225533532269611E-9	3.072420550969733E-7	0.7685877332060969	0.005766863830621954	1.2094909835852904E-8	2.3275649160794676E-9	0.9540174691900022	0.017964980138125333	1.0	0.0	
29.66666666666663	0.0675469449428507	0.0	0.2723576665005615	0.7855471589731158	2.0730171481251994E-7	0.9999998508065376	7.64426715707558E-9	3.538068842240704E-8	1.4164717606525033E-6	0.0	1.4836890215130739E-9	2.0730171481251994E-7	0.6168143461933677	0.004277567398804485	8.167831365799033E-9	1.5517099440529786E-9	0.8546254187411455	0.012249353267093314	1.0	0.0	
29.99999999999996	0.0501703760962315	0.0	0.18719173085759416	0.6245642793581322	1.39876649419775E-7	0.9999998989483311	5.146165464787047E-9	2.3930519007359558E-8	9.582830580066672E-7	0.0	9.891260143420494E-10	1.39876649419775E-7	0.45732255556394485	0.004639408963279362	5.514926339396991E-9	1.034473296035319E-9	0.6781862034300101	0.008365839944706212	1.0	0.0	
30.333333333333293	0.05268183058615373	0.0	0.12834991591941983	0.45811860168100604	9.43859527915536E-8	0.9999999315572212	3.4641018825623286E-9	1.6184853778879914E-8	6.482806312862278E-7	0.0	6.594173428946997E-10	9.43859527915536E-8	0.32523283939803904	0.010158108791839414	3.72308784531678E-9	6.89648864023546E-10	0.4959082290726752	0.0057944153872774695	1.0	0.0	
30.666666666666625	0.10614834175189462	0.0	0.08938755196010503	0.3234287149795899	6.369260994087038E-8	0.9999999536444297	2.331617859531012E-9	1.0945515820472702E-8	4.385470594233447E-7	0.0	4.3961156192979977E-10	6.369260994087038E-8	0.22665136361213523	0.030795397584940785	2.5130387536681075E-9	4.597659093490306E-10	0.3491272280252264	0.004362560000852427	1.0	0.0	
30.999999999999957	0.24690427900411116	0.0	0.07216505472159696	0.2245557327886492	4.298233262754464E-8	0.9999999686045954	1.569222975535007E-9	7.4017507538922585E-9	2.966564789271537E-7	0.0	2.930743746198665E-10	4.298233262754464E-8	0.15645843594493614	0.08608884976265391	1.6960126293868976E-9	3.065106062326871E-10	0.2418434541324575	0.004734739367013017	1.0	0.0	
31.33333333333329	0.4296687425606681	0.0	0.13409786953280559	0.15586457379459784	2.9007472079990312E-8	0.9999999787372311	1.0560226961690229E-9	5.004992645423035E-9	2.00667245825616E-7	0.0	1.9538291641324434E-10	2.9007472079990312E-8	0.1081788281738865	0.1890012028095237	1.1444440588722932E-9	2.0434040415512474E-10	0.16749454039985134	0.0116523348387509	1.0	0.0	
31.66666666666662	0.5913396200059693	0.0	0.33484172630907166	0.12313189914193659	1.9577104592934515E-8	0.999999985599988	7.105978281213796E-10	3.384100083723904E-9	1.357327614413125E-7	0.0	1.3025527760882954E-10	1.9577104592934515E-8	0.08275914673035649	0.32176994713442875	7.721420215459837E-10	1.362269361034165E-10	0.13200754668141235	0.05258146579220794	1.0	0.0	
31.999999999999954	0.7105873695882965	0.0	0.5315348074780206	0.20863064289239033	1.3213121272736932E-8	0.9999999902479725	4.781203501613038E-10	2.2879879762856284E-9	9.180766277872118E-8	0.0	8.68368517392197E-11	1.3213121272736932E-8	0.1288982548671492	0.441775043458097	5.208808912997449E-10	9.081795740227766E-11	0.25610334805061014	0.19065297677033036	1.0	0.0	
32.333333333333286	0.7500509255968589	0.0	0.6780267993490697	0.28211534418852546	8.91826689652711E-9	0.9999999933958681	3.216725434137218E-10	1.546803289329915E-9	6.209544219988322E-8	0.0	5.7891234492813137E-11	8.91826689652711E-9	0.2699291056540558	0.4152144275095549	3.5133362398132127E-10	6.054530493485178E-11	0.46392394737939835	0.38009366893016516	1.0	0.0	
32.66666666666662	0.715851183807138	0.0	0.7783761363263176	0.2542668733485555	6.01967845179246E-9	0.9999999955277603	2.1639879100238593E-10	1.0456522664568529E-9	4.199789691491444E-8	0.0	3.859415632854209E-11	6.01967845179246E-9	0.42867382011091093	0.3066589916146229	2.369422130445051E-10	4.036353662323452E-11	0.6300494414296892	0.48908687048914384	1.0	0.0	
32.99999999999996	0.7183045222537611	0.0	0.842993481688518	0.207646584354477	4.063344104763093E-9	0.9999999969715344	1.4556614777599987E-10	7.068225103503357E-10	2.8404219133712E-8	0.0	2.5729437552361392E-11	4.063344104763093E-9	0.5629679664859963	0.21422127411067476	1.5977467325687014E-10	2.690902441548968E-11	0.7478931333762776	0.4670608967367468	1.0	0.0	
33.33333333333329	0.755851791633663	0.0	0.8862554395403929	0.18938992555435508	2.742907016076976E-9	0.9999999979492713	9.791095673237352E-11	4.777540830560325E-10	1.920994450503296E-8	0.0	1.715295836824093E-11	2.742907016076976E-9	0.6654383427812248	0.14713733235361132	1.0772524901065974E-10	1.7939349610326456E-11	0.8289366642091446	0.37219729285366215	1.0	0.0	
33.66666666666663	0.792198110591659	0.0	0.9175284342228336	0.2360489621199958	1.8516352245822524E-9	0.999999998611386	6.585187648815732E-11	3.229010476078922E-10	1.299145368842301E-8	0.0	1.1435305578827287E-11	1.8516352245822524E-9	0.7406095264070875	0.10035982360186141	7.262269787830219E-11	1.1959566406884306E-11	0.884109098756451	0.27308943255180296	1.0	0.0	
33.999999999999964	0.7843486474548762	0.0	0.9401748479249066	0.3625548186143428	1.2500182018864065E-9	0.999999999059752	4.42865207840991E-11	2.1822554156823116E-10	8.785736993883465E-9	0.0	7.623537052551526E-12	1.2500182018864065E-9	0.794941989195309	0.06821799170958359	4.8952376678892524E-11	7.973044271256206E-12	0.921536678049048	0.19334096077331553	1.0	0.0	
34.3333333333333	0.6626263540717923	0.0	0.9549228327065158	0.5182041220782473	8.439048497902045E-10	0.9999999993633649	2.9781193574002925E-11	1.4747311992009254E-10	5.941387384672053E-9	0.0	5.0823580350343505E-12	8.439048497902045E-10	0.833883464627173	0.046281563516801766	3.2993080529115515E-11	5.315362847504137E-12	0.9468818424538873	0.13460502612853795	1.0	0.0	
34.666666666666636	0.4863336820529516	0.0	0.9557356591581603	0.6542599504979058	5.697529117571801E-10	0.9999999995689519	2.0025359398885733E-11	9.965323474665833E-11	4.017789367597796E-9	0.0	3.3882386900229006E-12	5.697529117571801E-10	0.8614793589997516	0.031363616281222216	2.2234161321254385E-11	3.5435752316694246E-12	0.9640064186600326	0.09290100130632911	1.0	0.0	
34.99999999999997	0.3394153224235499	0.0	0.9133078939453916	0.7573710526988161	3.8467612630490106E-10	0.999999999708158	1.346439330899926E-11	6.733506275277942E-11	2.7169176363292553E-9	0.0	2.2588257933486007E-12	3.8467612630490106E-10	0.879963779625544	0.02123969820375208	1.498195693868199E-11	2.3623834877796164E-12	0.9754347630736013	0.06380375877537686	1.0	0.0	
35.33333333333331	0.23283377759415208	0.0	0.7812893544510124	0.8296154248194855	2.5972825846709675E-10	0.9999999998024138	9.052364535781609E-12	4.549488474441839E-11	1.8371988736521748E-9	0.0	1.5058838622324005E-12	2.5972825846709675E-10	0.8873080982080692	0.014379216274560857	1.0094093108793772E-11	1.574922325186411E-12	0.9823406790477227	0.0436904370883822	1.0	0.0	
35.66666666666664	0.1586411436203018	0.0	0.59544240659531	0.873214763912404	1.7537114749975022E-10	0.9999999998662322	6.085644433663882E-12	3.0736570187860937E-11	1.2423003965517329E-9	0.0	1.0039225748216003E-12	1.7537114749975022E-10	0.8693875684703793	0.009741265374752107	6.8001434267988364E-12	1.0499482167909406E-12	0.9828917447818809	0.02986156601495204	1.0	0.0	
35.99999999999998	0.10792016756311595	0.0	0.42657827941672843	0.8785658670242728	1.1841636736543104E-10	0.9999999999094408	4.0909203114723394E-12	2.0764423228645958E-11	8.400172163090312E-10	0.0	6.692817165477335E-13	1.1841636736543104E-10	0.7953315081227588	0.0066442583690507675	4.580592721331374E-12	6.999654778606271E-13	0.9643679378055695	0.02038503577154581	1.0	0.0	
36.333333333333314	0.07397544434251163	0.0	0.297374437895654	0.8122862149670584	7.996126507833548E-11	0.9999999999386945	2.74982869562204E-12	1.4026719297190832E-11	5.679906713741713E-10	0.0	4.4618781103182236E-13	7.996126507833548E-11	0.6543514221696021	0.004756513662710816	3.0851725714670366E-12	4.666436519070848E-13	0.8863379300574905	0.013906686635616911	1.0	0.0	
36.66666666666665	0.05334975547436428	0.0	0.2047804894901573	0.6635389926484494	5.3995995971582737E-11	0.9999999999584995	1.848252746132715E-12	9.474673819556405E-12	3.840484389493062E-10	0.0	2.9745854068788157E-13	5.3995995971582737E-11	0.4925527665456775	0.004449352378892173	2.0777442979862082E-12	3.1109576793805653E-13	0.7229399522340197	0.009494028031439995	1.0	0.0	
36.999999999999986	0.04967628980127964	0.0	0.14041364126391548	0.4938719036358211	3.646339682258112E-11	0.9999999999719074	1.2421910512784906E-12	6.399475841004139E-12	2.596706779804882E-10	0.0	1.9830569379192103E-13	3.646339682258112E-11	0.3529361636201769	0.008141598503213257	1.3991374909732641E-12	2.07397178625371E-13	0.5364270762289292	0.006537290730445315	1.0	0.0	
37.33333333333332	0.087046828373743	0.0	0.09711349939947592	0.3510178675700317	2.4624424228812106E-11	0.9999999999809841	8.348082098219736E-13	4.322118949768922E-12	1.7557078121610641E-10	0.0	1.322037958612807E-13	2.4624424228812106E-11	0.24687097805465302	0.023714881680060758	9.420746010368851E-13	1.3826478575024734E-13	0.38011186259284924	0.004751453943338312	1.0	0.0	
37.66666666666666	0.2081667371622819	0.0	0.07340847531635959	0.24440559615989077	1.6629839221063937E-11	0.9999999999871285	5.60991554392457E-13	2.918913011398998E-12	1.1870644296985153E-10	0.0	8.813586390752046E-14	1.6629839221063937E-11	0.17069464664978756	0.06883886376554588	6.342617301963397E-13	9.217652383349823E-14	0.26400713525971425	0.0044861123306768535	1.0	0.0	
37.99999999999999	0.3882069352322226	0.0	0.10563642176122948	0.1692810403949702	1.1231111625121034E-11	0.9999999999912879	3.769648754502574E-13	1.971141841951996E-12	8.025818939652166E-11	0.0	5.875724260501365E-14	1.1231111625121034E-11	0.11776798861951099	0.1608117344334371	4.26982484245389E-13	6.145101588899881E-14	0.1824517819283487	0.008786892548647344	1.0	0.0	
38.33333333333333	0.5576886028882199	0.0	0.285754419601742	0.12484760363759884	7.585248625393004E-12	0.9999999999941034	2.5328896380149875E-13	1.3310293695882103E-12	5.426223962317515E-11	0.0	3.9171495070009096E-14	7.585248625393004E-12	0.08553130728443503	0.28949833744509945	2.874160200623879E-13	4.0967343925999205E-14	0.1340895913878245	0.036418732006283525	1.0	0.0	
38.666666666666664	0.6876547214177947	0.0	0.49117756748492525	0.180903183257736	5.123053706961012E-12	0.9999999999960092	1.701776701112866E-13	8.987321097576028E-13	3.668593967072445E-11	0.0	2.6114330046672733E-14	5.123053706961012E-12	0.10845094026678395	0.41846252415017726	1.9344993330501458E-13	2.7311562617332803E-14	0.2103441025681898	0.14878655603419683	1.0	0.0	
39.0	0.7514385401752565	0.0	0.6491531463412777	0.2772573113703569	3.4601869569136635E-12	0.999999999997299	1.1433140423782478E-13	6.067990824477637E-13	2.4802496777878678E-11	0.0	1.740955336444849E-14	3.4601869569136635E-12	0.23397150928459504	0.43662695621657366	1.301933645577116E-13	1.8207708411555204E-14	0.4184910745147217	0.33714395078364146	1.0	0.0	
39.333333333333336	0.7213228122497871	0.0	0.7592080286851766	0.2671195704827302	2.3371239287636777E-12	0.999999999998172	7.680720888961712E-14	4.096676621039593E-13	1.6768154602868564E-11	0.0	1.1606368909632327E-14	2.3371239287636777E-12	0.3942249551974837	0.3318197913528438	8.761326123003152E-14	1.2138472274370136E-14	0.5965043203338379	0.47461287218018455	1.0	0.0	
39.66666666666667	0.7105603310834798	0.0	0.830619928695665	0.21883717818183798	1.5786124879808893E-12	0.9999999999987629	5.1595797791811354E-14	2.7656101980599083E-13	1.1336250849395362E-11	0.0	7.737579273088219E-15	1.5786124879808893E-12	0.5354278002950099	0.233453806077336	5.895339054674967E-14	8.09231484958009E-15	0.7245474685198399	0.4816354516705966	1.0	0.0	
40.00000000000001	0.7429537330659609	0.0	0.8774147540111858	0.1905318184367324	1.066300795363236E-12	0.9999999999991629	3.465828990553953E-14	1.8669200568214796E-13	7.663871860360608E-12	0.0	5.158386182058812E-15	1.066300795363236E-12	0.6448696797668193	0.16075244140135603	3.966529351565219E-14	5.394876566386727E-15	0.8129797531851983	0.39615833394274014	1.0	0.0	
40.33333333333334	0.782939546469631	0.0	0.9108740555637133	0.21848233841572726	7.202673467729431E-13	0.9999999999994335	2.327887063202763E-14	1.2601928270611767E-13	5.18109707105075E-12	0.0	3.4389241213725418E-15	7.202673467729431E-13	0.7255978519584554	0.10977073430650666	2.668483422109414E-14	3.5965843775911515E-15	0.8732634337786754	0.29464028845392365	1.0	0.0	
40.66666666666668	0.7914609591812347	0.0	0.9353241151439424	0.3286722268932346	4.86539914008453E-13	0.9999999999996166	1.5634953151596602E-14	8.505808091620399E-14	3.5025993214323E-12	0.0	2.292616080915028E-15	4.86539914008453E-13	0.7840835167538822	0.07465859872716583	1.7951189755234336E-14	2.397722918394101E-15	0.9141794682160745	0.2098601645449944	1.0	0.0	
41.000000000000014	0.6987508919560278	0.0	0.9520066240070111	0.4830654663118437	3.2866687506862354E-13	0.9999999999997407	1.05011563668921E-14	5.740736607211485E-14	2.367850602615312E-12	0.0	1.5284107206100184E-15	3.2866687506862354E-13	0.8260838806046666	0.05066775724002663	1.2074993353159493E-14	1.5984819455960672E-15	0.9418974189855723	0.1465395848912226	1.0	0.0	
41.33333333333335	0.5244829942775566	0.0	0.9573678878799782	0.6257364898258009	2.220236878022132E-13	0.9999999999998246	7.0528171331683145E-15	3.8742144048898944E-14	1.6007125207647834E-12	0.0	1.018940480406679E-15	2.220236878022132E-13	0.8559644456675758	0.034342616869168466	8.121827957685845E-15	1.0656546303973783E-15	0.960640062143575	0.10130024789411213	1.0	0.0	
41.666666666666686	0.3687122604421209	0.0	0.9291424330114098	0.7364616851833065	1.4998666615556098E-13	0.9999999999998813	4.7375792162026264E-15	2.6145104838759625E-14	1.0821017433027019E-12	0.0	6.792936536044526E-16	1.4998666615556098E-13	0.8764612848054174	0.02325964398141444	5.462296853044013E-15	7.104364202649188E-16	0.9732143625221664	0.06963747081391583	1.0	0.0	
42.00000000000002	0.25362158508324684	0.0	0.8184395470730791	0.8154279314187391	1.0132581677514463E-13	0.9999999999999197	3.1803229814677505E-15	1.7643416388918244E-14	7.315071620671599E-13	0.0	4.528624357363016E-16	1.0132581677514463E-13	0.8869375855687959	0.015746975723608864	3.673361156198308E-15	4.736242801766126E-16	0.9811489761947697	0.04771280362002135	1.0	0.0	
42.33333333333336	0.17299696280731916	0.0	0.6373315341686483	0.865746136763882	6.845038498146808E-14	0.9999999999999457	2.136130281396317E-15	1.1905942370437865E-14	4.944980991292398E-13	0.0	3.0190829049086773E-16	6.845038498146808E-14	0.8769174818264271	0.010664049083612482	2.4708442747982044E-15	3.1574952011774167E-16	0.9836264207773331	0.0326230123992034	1.0	0.0	
42.66666666666669	0.11768111064123762	0.0	0.46114803441131735	0.8817788748975689	4.6243950226372077E-14	0.9999999999999633	1.4339799377671782E-15	8.033214810197491E-15	3.3427772700221194E-13	0.0	2.012721936605785E-16	4.6243950226372077E-14	0.8182421250415017	0.007252749138147418	1.6609938066232208E-15	2.1049968007849445E-16	0.9717025665003051	0.022275564075987957	1.0	0.0	
43.00000000000003	0.08040642635461206	0.0	0.32288844720610543	0.8350235277316057	3.1240078183320596E-14	0.9999999999999751	9.620085020929682E-16	5.419136381802929E-15	2.2596770917084819E-13	0.0	1.3418146244038566E-16	3.1240078183320596E-14	0.6898338290791817	0.005090228091685193	1.1172222879184473E-15	1.4033312005232962E-16	0.9117268711155374	0.015197925776435414	1.0	0.0	
43.333333333333364	0.05684577570062431	0.0	0.22279060271383133	0.7011301089155724	2.110587579729024E-14	0.9999999999999831	6.452102079834296E-16	3.6566312625339516E-15	1.5274978542897396E-13	0.0	8.945430829359044E-17	2.110587579729024E-14	0.5278018025351559	0.0043204366004702234	7.508367355271478E-16	9.355541336821974E-17	0.7644929614133487	0.01037120427616639	1.0	0.0	
43.6666666666667	0.04833098720472489	0.0	0.15281160983132325	0.5303542021574308	1.426027298767793E-14	0.9999999999999886	4.322908089823517E-16	2.4657128892701497E-15	1.0325564364008405E-13	0.0	5.96362055290603E-17	1.426027298767793E-14	0.38132833625448903	0.006701941375450675	5.044290302728827E-16	6.237027557881317E-17	0.576622761050603	0.007115818096919248	1.0	0.0	
44.000000000000036	0.0727406125738782	0.0	0.10524186635915506	0.3797622603640092	9.634598475859838E-15	0.9999999999999922	2.903445429816331E-16	1.6635947598527005E-15	6.979844539610563E-14	0.0	3.9757470352706863E-17	9.634598475859838E-15	0.26780364929579537	0.018444999608740086	3.384366905086538E-16	4.158018371920878E-17	0.4115994937544032	0.00506345546092765	1.0	0.0	
44.33333333333337	0.17340996221120686	0.0	0.0765103969968597	0.26527312870438785	6.510812999903892E-15	0.9999999999999948	1.95713698981154E-16	1.1211069270648327E-15	4.7182659637541E-14	0.0	2.650498023513791E-17	6.510812999903892E-15	0.18551146841839894	0.0550066413257036	2.2777513066583446E-16	2.772012247947252E-17	0.286764108111395	0.004353226623458803	1.0	0.0	
44.66666666666671	0.3469526850559884	0.0	0.08747256615878819	0.18365368688278688	4.398179964692346E-15	0.9999999999999964	1.3262646964750127E-16	7.555771652848033E-16	3.189384317168073E-14	0.0	1.7669986823425274E-17	4.398179964692346E-15	0.12789704546076783	0.1360823389807927	1.5400075743728827E-16	1.8480081652981678E-17	0.19809035951330312	0.006978258151935096	1.0	0.0	
45.00000000000004	0.5228172421421573	0.0	0.2377677284472916	0.13094345421224604	2.9721224445387785E-15	0.9999999999999976	8.841764643166751E-17	5.097399871047182E-16	2.1559784753608213E-14	0.0	1.177999121561685E-17	2.9721224445387785E-15	0.09044369341203679	0.25907101255180903	1.0481784195159079E-16	1.232005443532112E-17	0.1408028018281981	0.025655190262036998	1.0	0.0	
45.33333333333338	0.6625493282197444	0.0	0.4488494764017712	0.1545713556457506	2.0093736772733676E-15	0.9999999999999983	5.894509762111167E-17	3.4369786465792963E-16	1.4574492578320935E-14	0.0	7.853327477077899E-18	2.0093736772733676E-15	0.09428752467512676	0.39232364270518594	6.987856130106053E-17	8.213369623547414E-18	0.17235788042294478	0.11356338473731926	1.0	0.0	
45.666666666666714	0.7471300119988167	0.0	0.618344685908939	0.26398931067928355	1.357648082260127E-15	0.9999999999999988	3.929673174740778E-17	2.3128258009868503E-16	9.851820616131411E-15	0.0	5.235551651385266E-18	1.357648082260127E-15	0.20001157568231673	0.45293098850098834	4.658570753404035E-17	5.475579749031609E-18	0.37205049711977756	0.29431783383654714	1.0	0.0	
46.00000000000005	0.7305864067044958	0.0	0.7384148564988887	0.27606074231899425	9.171424753364503E-16	0.9999999999999991	2.619782116493852E-17	1.5633905705918863E-16	6.6594989666730584E-15	0.0	3.490367767590177E-18	9.171424753364503E-16	0.3591608214051385	0.35799962165169363	3.1057138356026905E-17	3.6503864993544066E-18	0.56115984853291	0.455668562722552	1.0	0.0	
46.333333333333385	0.7085336567146695	0.0	0.8174071931114746	0.2287546974559481	6.213214003939338E-16	0.9999999999999993	1.7465214109959014E-17	1.0637670836619103E-16	4.50160528319192E-15	0.0	2.3269118450601183E-18	6.213214003939338E-16	0.5066579147581534	0.2541637230942341	2.070475890401794E-17	2.4335909995696044E-18	0.6997522042713723	0.4933170580577553	1.0	0.0	
46.66666666666672	0.7342564061504484	0.0	0.8684456600344911	0.19240085110450905	4.2238681417087063E-16	0.9999999999999994	1.164347607330601E-17	7.306847590419262E-17	3.0427931931332136E-15	0.0	1.5512745633734125E-18	4.2238681417087063E-16	0.6231978648752964	0.17553246961116337	1.3803172602678628E-17	1.6223939997130697E-18	0.7959912347626296	0.4210517156630522	1.0	0.0	
47.00000000000006	0.7760475154558841	0.0	0.9043395534430559	0.20344657337398145	2.8976375668882844E-16	0.9999999999999997	7.762317382204005E-18	4.8712317269461744E-17	2.0564875096696583E-15	0.0	1.034183042248942E-18	2.8976375668882844E-16	0.7097802334995723	0.1200138594610842	9.20211506845242E-18	1.0815959998087133E-18	0.8617142653901889	0.3182345562565289	1.0	0.0	
47.33333333333339	0.7970944878708555	0.0	0.9306409864354718	0.2948707002343316	1.9532650811928426E-16	0.9999999999999998	5.17487825480267E-18	3.247487817964116E-17	1.3907778401190396E-15	0.0	6.894553614992945E-19	1.9532650811928426E-16	0.7726790633254437	0.08167557353216709	6.1347433789682804E-18	7.210639998724755E-19	0.9063501675884391	0.22824903785509476	1.0	0.0	
47.66666666666673	0.7350860713655751	0.0	0.9491249932149038	0.4450872139642913	1.323683424062548E-16	0.9999999999999999	3.4499188365351132E-18	2.164991878642744E-17	9.409495168371108E-16	0.0	4.596369076661964E-19	1.323683424062548E-16	0.8179285409099223	0.05544798567601787	4.0898289193121875E-18	4.80709333248317E-19	0.9365986861011576	0.15990632430497398	1.0	0.0	
48.000000000000064	0.5684309828674577	0.0	0.958180280293003	0.5939130832910307	9.03962319309018E-17	0.9999999999999999	2.299945891023409E-18	1.443327919095163E-17	6.354722251329886E-16	0.0	3.064246051107976E-19	9.03962319309018E-17	0.8502122352991197	0.0375892686365837	2.726552612874792E-18	3.2047288883221134E-19	0.9570639048792103	0.11072980622044107	1.0	0.0	
48.3333333333334	0.4034756507363143	0.0	0.9421204638131014	0.7128019566246001	6.241482494733314E-17	0.9999999999999999	1.5332972606822729E-18	9.622186127301087E-18	4.2967002700350853E-16	0.0	2.0428307007386509E-19	6.241482494733314E-17	0.8727126892618235	0.025460753253840646	1.817701741916528E-18	2.1364859255480758E-19	0.9708420329021776	0.07619236862155947	1.0	0.0	
48.666666666666735	0.27847415654369945	0.0	0.8552587749475724	0.7991006929266571	4.376055362495403E-17	0.9999999999999999	1.022198173788182E-18	6.414790751534059E-18	2.9031789125712315E-16	0.0	1.3618871338257674E-19	4.376055362495403E-17	0.8859522104945496	0.017237207271964157	1.2118011612776854E-18	1.4243239503653837E-19	0.9797833407828375	0.052233132096360185	1.0	0.0	
49.00000000000007	0.19020175475695056	0.0	0.6842763644261842	0.8563622649976504	3.132437274336796E-17	0.9999999999999999	6.814654491921214E-19	4.276527167689373E-18	1.9569593116481406E-16	0.0	9.07924755883845E-20	3.132437274336796E-17	0.8828371179312954	0.01167015501684086	8.078674408517904E-19	9.49549300243589E-20	0.9838885530156702	0.03572573303054109	1.0	0.0	
49.33333333333341	0.12940402734539852	0.0	0.5016891315852089	0.8823693794500291	2.303358548897724E-17	0.9999999999999999	4.5431029946141425E-19	2.8510181117929157E-18	1.3261462443660797E-16	0.0	6.0528317058923E-20	2.303358548897724E-17	0.8394024033325042	0.007921102122341329	5.385782939011937E-19	6.330328668290594E-20	0.9773069933929429	0.024398991992223673	1.0	0.0	
49.66666666666674	0.08820785338523052	0.0	0.35330618322237983	0.8550223634333101	1.7506393986050096E-17	0.9999999999999999	3.0287353297427613E-19	1.900678741195277E-18	9.056041995113725E-17	0.0	4.0352211372615345E-20	1.7506393986050096E-17	0.7272183270983099	0.005482510586358915	3.590521959341291E-19	4.22021911219373E-20	0.9341313502118656	0.01664784940757149	1.0	0.0	
50.00000000000008	0.06144554168970495	0.0	0.2444130762349208	0.7409356127300464	1.3821599650765334E-17	0.9999999999999999	2.0191568864951744E-19	1.2671191607968513E-18	6.25242836274901E-17	0.0	2.690147424841023E-20	1.3821599650765334E-17	0.5679461346522648	0.004307353994542626	2.3936813062275277E-19	2.813479408129154E-20	0.8080433991648018	0.011357162281589991	1.0	0.0	
50.333333333333414	0.048491794462643394	0.0	0.1677742769459572	0.5723274548499772	1.1365070093908825E-17	0.9999999999999999	1.346104590996783E-19	8.447461071979008E-19	4.383352607839201E-17	0.0	1.7934316165606818E-20	1.1365070093908825E-17	0.41477069541174916	0.005583488909318274	1.5957875374850185E-19	1.8756529387527694E-20	0.622606023694387	0.0077724892734862185	1.0	0.0	
50.66666666666675	0.06141718476680541	0.0	0.11523319574380683	0.4138842980670129	9.727383722671154E-18	0.9999999999999999	8.974030606645219E-20	5.631640714652672E-19	3.137302104565994E-17	0.0	1.1956210777071213E-20	9.727383722671154E-18	0.2928154029728059	0.014004259337884739	1.0638583583233456E-19	1.2504352925018465E-20	0.44880408965224017	0.0054452559876471945	1.0	0.0	
51.000000000000085	0.13952502954601192	0.0	0.08165086165688232	0.2903722037037264	8.635592808512706E-18	0.9999999999999999	5.982687071096813E-20	3.754427143101781E-19	2.306601769050523E-17	0.0	7.970807184714143E-21	8.635592808512706E-18	0.2033434614913946	0.0424302928651846	7.09238905548897E-20	8.336235283345645E-21	0.314011215258545	0.004343207850661862	1.0	0.0	
51.33333333333342	0.30100961449907726	0.0	0.07661580321731737	0.20119176523762822	7.90773219907374E-18	0.9999999999999999	3.988458047397876E-20	2.5029514287345206E-19	1.5377345127003487E-17	0.0	5.313871456476095E-21	7.90773219907374E-18	0.14021985218874755	0.11138210757713043	4.7282593703259804E-20	5.557490188897097E-21	0.2170770102147802	0.00569538694723396	1.0	0.0	
51.66666666666676	0.48184201184303477	0.0	0.18662547052080564	0.14091533161875353	7.422491792781097E-18	0.9999999999999999	2.658972031598584E-20	1.6686342858230138E-19	1.0251563418002325E-17	0.0	3.5425809709840635E-21	7.422491792781097E-18	0.0977113159936199	0.22614516838063847	3.152172913550653E-20	3.704993459264732E-21	0.15164854461390057	0.017625935720380567	1.0	0.0	
52.00000000000009	0.6318900306168146	0.0	0.3985433511872275	0.13326926952914986	7.098998188586002E-18	0.9999999999999999	1.7726480210657228E-20	1.1124228572153425E-19	6.83437561200155E-18	0.0	2.3617206473227093E-21	7.098998188586002E-18	0.08536491711274717	0.36076724680799926	2.101448609033769E-20	2.4699956395098218E-21	0.14456433942474	0.08120684227716125	1.0	0.0	
