0.0	0.0	0.0	0.0	0.0	0.0	0.0	0.0	0.0	0.0	0.0	0.0	0.0	0.0	0.0	0.0	0.0	0.0	0.0	0.0	0.0	
0.3333333333333333	0.5555555555555556	0.0	0.16666666666666666	0.0	0.38888888888888884	0.5555555555555556	0.0	0.0	0.2447311406503798	0.061896355665452006	0.0	0.38888888888888884	0.0	0.5166090463638288	0.0	0.0	0.0	0.14419982094926442	1.0	0.0	
0.6666666666666666	0.5555555555555556	0.0	0.16666666666666666	0.0	0.38888888888888884	0.5555555555555556	0.07297930856591948	0.0	0.2447311406503798	1.0	0.38888888888888884	0.38888888888888884	0.0	0.5166090463638288	0.16666666666666666	0.5555555555555556	0.0	0.14419982094926442	1.0	0.0	
1.0	0.7037037037037037	0.0	0.4112306092506325	0.01598727988775345	0.29247309445307107	0.7037037037037037	0.15113556445409282	0.006384022940788307	0.4402022251670076	1.0	0.37671510243975226	0.29247309445307107	0.11531872776145946	0.6651115302205576	0.4112306092506325	0.7037037037037037	0.03321383519381187	0.38432192695430045	1.0	0.0	
1.3333333333333333	0.8016404331689494	1.2631366123436863E-4	0.5972684858246838	0.03629177653268155	0.2052006499777852	0.8021655827814076	0.19646590155136373	0.030768412061249077	0.5043504233036137	1.0	0.4571296236323158	0.2052006499777852	0.36844565825404085	0.7659552734219355	0.5972684858246838	0.8024691358024691	0.25500392112944176	0.5756141330942218	1.0	0.0	
1.6666666666666665	0.8654968021416435	2.636247526440061E-4	0.7270490464166439	0.038176700200894566	0.1412276713587487	0.8662860731776187	0.27297141705619543	0.06974044290858218	0.4509773655994693	1.0	0.5833456018396056	0.1412276713587487	0.5629701890804805	0.7167638314327323	0.7270825929850102	0.8683127572016461	0.47945712908943383	0.7109820326579663	1.0	0.0	
1.9999999999999998	0.9079085932593827	2.972331955534942E-4	0.8156540457094807	0.03237232624867953	0.0964874993350234	0.9049362575825952	0.39210956555017956	0.155494351861381	0.3507402082364892	1.0	0.6994480728554894	0.0964874993350234	0.696524504132926	0.5296674037473438	0.8157497391497199	0.9122085048010974	0.644526007627962	0.7981328209995934	1.0	0.0	
2.333333333333333	0.9366579381206157	2.695474449579528E-4	0.8756944820394849	0.025449000186510903	0.06577225671566736	0.9083390159416488	0.5171980495514471	0.32210281754562475	0.2555048307014847	1.0	0.7891609556174023	0.06577225671566736	0.7850427734940831	0.3683183662563696	0.8758428053979417	0.9414723365340649	0.7591097467429805	0.8246822036204395	1.0	0.0	
2.6666666666666665	0.9563345568794646	2.338807614136022E-4	0.9162466984387722	0.020197190392046257	0.045227389489047656	0.7829735754363362	0.6243997030991544	0.5031321835803352	0.18061117569373147	1.0	0.8540572733241664	0.045227389489047656	0.842338626926914	0.2517587079014037	0.9164243135272802	0.9609815576893767	0.8373082522472074	0.7484569930332172	1.0	0.0	
3.0	0.9698021148030899	2.66785543914399E-4	0.9435909003290165	0.019980064642657634	0.035408607632957716	0.5721535025462822	0.7082702407965676	0.6494947562018673	0.1258659381229962	1.0	0.89964249599626	0.035408607632957716	0.8786169549587264	0.17094037443407004	0.9437765744579244	0.9739877051262511	0.8903121135290171	0.5890745106122588	1.0	0.0	
3.3333333333333335	0.9787942950978485	4.303706132310286E-4	0.9620084583852274	0.03694707406451345	0.052735112075477236	0.3972157901387018	0.7710395802339539	0.7564829805280305	0.08767863774463308	1.0	0.9309044127655894	0.052735112075477236	0.9010713850705311	0.11569562094375146	0.9621881504826515	0.9826584700841674	0.9261201040933288	0.427966382946383	1.0	0.0	
3.666666666666667	0.9835446065606493	0.001093406289391928	0.9743970887678561	0.10855441472406831	0.14606499159983216	0.27141697294631073	0.8168669176421404	0.8318221450186439	0.06545334863612623	1.0	0.9501095879078233	0.14606499159983216	0.9146673594768083	0.07816920058840265	0.9745659530561326	0.9884389800561116	0.9502675355058662	0.3002402816617842	1.0	0.0	
4.0	0.9758897145115599	0.005319019622428044	0.9826838513256776	0.2651760303724842	0.3231379248399399	0.18429020260999646	0.84961265915013	0.8840182144722809	0.09771643629655469	1.0	0.9421872948919946	0.3231379248399399	0.9230054419535428	0.052760799357490604	0.9828573472227887	0.9922926533707411	0.9665343235955927	0.2073331010585755	1.0	0.0	
4.333333333333333	0.8820266105483654	0.03772858120570599	0.9878857732416131	0.45115197265158097	0.5065914889404897	0.12476024516919632	0.8705597701138921	0.9198838280247019	0.30228288948553994	1.0	0.8045432002604553	0.5065914889404897	0.9313780485987253	0.035588729638796515	0.9882237989614265	0.9948617689138274	0.9774846869331221	0.1420515264758592	1.0	0.0	
4.666666666666666	0.662894312527513	0.17820423294786455	0.9859665259262059	0.6099301701406071	0.6536156210996599	0.08433262133198913	0.8632333357922383	0.9443632086610212	0.5126266190535343	1.0	0.5851941948720402	0.6536156210996599	0.9461204742565891	0.02399590049809589	0.9896541491983003	0.9965745126092183	0.9848487169799243	0.09690638592882214	1.0	0.0	
4.999999999999999	0.46352999009102924	0.3874836964620048	0.8701571914860924	0.7286597030208061	0.7608875552861194	0.056964193571497956	0.7864876358762306	0.9604927890318954	0.6674298304661513	1.0	0.4054004717245361	0.7608875552861194	0.9602445966505064	0.016175020482904853	0.9537601845525219	0.9977163417394789	0.9897347675877254	0.06594177282937641	1.0	0.0	
5.333333333333332	0.31735410575409767	0.5687959965140615	0.6114351421237412	0.8075427339514478	0.8362935389024411	0.03847683427539872	0.6361914931478678	0.9685653410716263	0.774772596210086	1.0	0.2766307848908741	0.8362935389024411	0.9701891079705035	0.010901269538153083	0.7540341841196267	0.9984775611596526	0.9909202996155122	0.04480103937876753	1.0	0.0	
5.666666666666665	0.2157835969938089	0.7024586055620724	0.41370925385102086	0.8314273778111619	0.8884139646801065	0.02603965758852575	0.4718987885857062	0.9615037924836282	0.8479608836599443	1.0	0.1876213595300844	0.8884139646801065	0.9743454841639377	0.007367506002682857	0.532541803830528	0.9989850407731017	0.9726024336385704	0.03040711845598687	1.0	0.0	
5.999999999999998	0.14721427615542282	0.7950764650127882	0.27772596635695457	0.7629112560395949	0.9241306095184555	0.01784611040852939	0.33504674068741924	0.9104105966126598	0.8975333793841743	1.0	0.12688066904440523	0.9241306095184555	0.9739011080598915	0.005213192579447502	0.36533930846749985	0.9993233605154012	0.8830307681091139	0.020624823883396023	1.0	0.0	
6.333333333333331	0.10439774670673241	0.8542118164328746	0.18591352187767463	0.6090413548281047	0.9484796719808879	0.013235926113527995	0.2329934308540933	0.775233037489787	0.9310047693880197	1.0	0.08566926258289317	0.9484796719808879	0.970357321097385	0.005067763903006905	0.24827759872161265	0.9995489070102674	0.7020932158937235	0.013995185062857879	1.0	0.0	
6.666666666666664	0.09135157554879395	0.876250962381506	0.12430192938093285	0.4458037926604267	0.964983847850864	0.014449029177640047	0.1603430543925226	0.5915296376472804	0.9535665761662682	1.0	0.05779128084176868	0.964983847850864	0.9651151721484277	0.010621386252377955	0.16818066261795134	0.9996992713401783	0.5111288688270486	0.009568273510044988	1.0	0.0	
6.999999999999997	0.13885430472887997	0.8283121902718251	0.08312996194572589	0.31375515919867536	0.9759172590519689	0.03462141430229642	0.10972249601322207	0.42470824832760523	0.9687594971433144	1.0	0.03896508210397269	0.9759172590519689	0.9592887324575067	0.0332974899891003	0.11420467398223405	0.9997995142267856	0.35806386803378243	0.006903429188583325	1.0	0.0	
7.33333333333333	0.2780387719226534	0.6740894020265453	0.05599695532018385	0.21694715058883185	0.981818359460082	0.1142268118767053	0.0748359391824846	0.2965604182674193	0.9789821756349917	1.0	0.026267606575285436	0.981818359460082	0.9536374824601603	0.09439896581376046	0.0795982217474816	0.999866342817857	0.2466933409385284	0.006622787760816509	1.0	0.0	
7.666666666666663	0.45595432901175986	0.48189114322106796	0.040298339468892413	0.1487313570812061	0.9733310356804088	0.27821891049399405	0.0509386039581705	0.20436638393083983	0.9858460674371204	1.0	0.01772740781990903	0.9733310356804088	0.9486150456944724	0.20488533699409267	0.06603264915244601	0.9999108952119047	0.1686498376052859	0.014466583985059126	1.0	0.0	
7.9999999999999964	0.6117333436617325	0.32854610745220536	0.04378661248264616	0.10165692586715994	0.8683550347005468	0.46461441870908604	0.03462839076710543	0.13987980358724045	0.990351413317755	1.0	0.01214297696951638	0.8683550347005468	0.9445755780159484	0.34509441479023073	0.10319839999781955	0.9999405968079365	0.11504081482541526	0.0641797178554021	1.0	0.0	
8.33333333333333	0.7295932688326141	0.22118053395227139	0.10735210438623619	0.07020471567536544	0.6464993202451355	0.6207702312482031	0.023527867892337642	0.09538024682907792	0.9921858128920873	1.0	0.01037753576633815	0.6464993202451355	0.9425090521563223	0.4900943460128181	0.24001712461396157	0.9999603978719577	0.07961959335653321	0.22051518384699642	1.0	0.0	
8.666666666666664	0.8137427136282472	0.14825880284642087	0.26999217477962323	0.05221657479913219	0.45082188213600194	0.7369330538982325	0.016058949512653346	0.06489268680302712	0.9867401020998032	1.0	0.0230789265727242	0.45082188213600194	0.9455565697581397	0.624765658808955	0.4275564541159441	0.9999735985813051	0.06593436507359	0.42480616395073145	1.0	0.0	
8.999999999999998	0.8720575068166196	0.09920313506061026	0.4614283643055216	0.04476023393522612	0.3083308268243793	0.819353628811748	0.011607956851161012	0.04409474796946554	0.9569573446698393	1.0	0.090449338609205	0.3083308268243793	0.9545495069581764	0.731413380572736	0.592981378813325	0.9999823990542034	0.15022417104555125	0.5973332223783129	1.0	0.0	
9.333333333333332	0.9116872964978917	0.06633476192216711	0.620602742112908	0.038404607140547505	0.20932727643318982	0.8766144088138121	0.013196607889348387	0.029974910666934196	0.8630750507786319	1.0	0.25101366938655556	0.20932727643318982	0.9645501889371333	0.7756094843930276	0.7176184548525909	0.9999882660361356	0.36422275264508525	0.7234085961726722	1.0	0.0	
9.666666666666666	0.938682686629611	0.04433507221734109	0.7378929588223608	0.03094857918862784	0.14162732781597043	0.9159785189256687	0.04715610743141127	0.020650316184225012	0.6949032734797518	1.0	0.4432011612727945	0.14162732781597043	0.9723114381423487	0.6359423218985032	0.8062875720723007	0.9999921773574237	0.5562998291795194	0.8099990283920857	1.0	0.0	
10.0	0.9572837672037131	0.029616626522123685	0.8205624312939374	0.023832716165284273	0.09564998630080604	0.942869109030954	0.16528484365838314	0.017017080684053824	0.513680584951005	1.0	0.605875818326478	0.09564998630080604	0.976653148309398	0.45399039942025343	0.8678808342638684	0.9999947849049492	0.6964787764903595	0.855758184536506	1.0	0.0	
10.333333333333334	0.9701960626413166	0.019775375054669246	0.8777373517836298	0.018153041966783776	0.06453274368061061	0.9610224085261277	0.33061067264723965	0.043918288575716544	0.36374148325504885	1.0	0.7269491881575908	0.06453274368061061	0.9774798682353496	0.3129848467765425	0.9101828275509586	0.9999965232699661	0.7939222336923387	0.8305520489671512	1.0	0.0	
10.666666666666668	0.9791711324465413	0.013199558489692825	0.9169167297369438	0.015164310231766946	0.04351499724348255	0.9710768639011342	0.48444680839752446	0.19335331062807787	0.2524223094609028	1.0	0.8127443270217853	0.04351499724348255	0.9753221240641137	0.21330543505106186	0.9390610198150555	0.9999976821799774	0.8605662149138165	0.7008207981390454	1.0	0.0	
11.000000000000002	0.9853338640950381	0.0088095735364685	0.9436308953897112	0.019668349183315496	0.029364617142319485	0.9333638329403816	0.6074767399640748	0.4042105181537535	0.17341978263472974	1.0	0.8722625785337887	0.029364617142319485	0.9710411620126259	0.14465490831450312	0.9587067711607437	0.9999984547866516	0.9058299925994847	0.5274018225131397	1.0	0.0	
11.333333333333336	0.9891685302058312	0.005903110688423623	0.9617917954948654	0.05128058806394994	0.02049817260729734	0.7278490814194588	0.6998888835091819	0.5807826475991434	0.11850366122175646	1.0	0.9131228356492935	0.02049817260729734	0.9655783712302557	0.09785328309354996	0.9720430808232338	0.9999989698577677	0.9364659896399605	0.37562773880600586	1.0	0.0	
11.66666666666667	0.9891074971687327	0.00430806173054221	0.9741090266608798	0.15556802672779665	0.022055409662588985	0.5124398737868713	0.7672344099346486	0.7099826569983362	0.08080151884892917	1.0	0.940975075499752	0.022055409662588985	0.9597533070662672	0.0661006716039891	0.9810825585092707	0.9999993132385118	0.9571617307061518	0.26117054867509154	1.0	0.0	
12.000000000000004	0.9644225005314788	0.005947838349625321	0.9824019496500315	0.33321736923847334	0.061349180875036324	0.3513373093585269	0.8155031160812108	0.8006275862284691	0.05584284316199217	1.0	0.9594421956305929	0.061349180875036324	0.9541623936586666	0.04461385628944346	0.9871872819628817	0.9999995421590079	0.9711266783107008	0.17954037438070336	1.0	0.0	
12.333333333333337	0.8097252012503816	0.025050878579512097	0.9874923648475584	0.5135520022816089	0.1907422777830163	0.23871454002027298	0.8497066030804248	0.8631719174523156	0.046301580767764874	1.0	0.968141107897936	0.1907422777830163	0.9492141694052452	0.030095709281352197	0.9911764695538895	0.9999996947726719	0.9805427426356883	0.12269736983893598	1.0	0.0	
12.666666666666671	0.5860573625912482	0.11706693100053983	0.9841267288044847	0.65794745408737	0.3812441200181562	0.16156067578804673	0.8734088471345043	0.9059890311600036	0.12921369500391905	1.0	0.9329421502426063	0.3812441200181562	0.9455749043988277	0.020295150374264832	0.9927078473882623	0.9999997965151146	0.9868826660068853	0.08357173459139364	1.0	0.0	
13.000000000000005	0.4054580136080693	0.3036974353043635	0.8898869788881698	0.7632069311438184	0.5566046028185815	0.10913316462536396	0.8853545328116454	0.9351714387377282	0.3595627424847664	1.0	0.7456467662719863	0.5566046028185815	0.9483946796087479	0.013683127613806429	0.9798465753106932	0.9999998643434097	0.9910681419629772	0.05680832596414433	1.0	0.0	
13.33333333333334	0.2765444595790433	0.49610406486984915	0.6342566351381853	0.8335396231308353	0.6911240719349678	0.07364688166619957	0.8593825655503221	0.9549116609767501	0.557712557425066	1.0	0.5300375090588115	0.6911240719349678	0.9562018240129372	0.009224750008538164	0.8484225963483005	0.9999999095622731	0.9922786516688248	0.03856689009046636	1.0	0.0	
13.666666666666673	0.18765241611969852	0.6477649089768878	0.4300957985692	0.8571450728307426	0.7876005202564424	0.04967956222365286	0.75611718240803	0.9674214386224689	0.6992786842944537	1.0	0.36466994830601873	0.7876005202564424	0.9592702560641441	0.006236163620504227	0.6186148663983554	0.9999999397081821	0.9770411738808439	0.026161186048779532	1.0	0.0	
14.000000000000007	0.12768274516530748	0.7560636411745358	0.28888417471671646	0.7955356492110771	0.8548956049703048	0.033523717043020054	0.5932347952519773	0.9716540097630374	0.7966654707658298	1.0	0.24815982009352977	0.8548956049703048	0.9583947195528933	0.004412585027464289	0.4284086552041003	0.9999999598054548	0.8970797745470238	0.017736921567288552	1.0	0.0	
14.333333333333341	0.08982307513071927	0.8274605232268931	0.19341769832570166	0.642190926823359	0.9012252874756559	0.022696065609652885	0.43287868129301577	0.9564489836439649	0.862860316042102	1.0	0.16808374639210646	0.9012252874756559	0.9552962817800653	0.004315014701494319	0.29223572480540383	0.9999999732036365	0.7219757691542888	0.012030767178813028	1.0	0.0	
14.666666666666675	0.07660562685092057	0.8609833373458877	0.12932294164414976	0.47234341184813644	0.9328999946403297	0.015689779534839368	0.30494718459116554	0.8851319747585908	0.9076271143421767	1.0	0.11357900950823868	0.9328999946403297	0.9512875810297016	0.009302854810963185	0.19831487362847372	0.9999999821357577	0.5287095425788083	0.008221930528981436	1.0	0.0	
15.000000000000009	0.11477757502615543	0.8324539132909131	0.08646703146754003	0.33299079969867784	0.9544555638653074	0.01233426408894065	0.21123190420922044	0.7294367833353519	0.9378265539245033	1.0	0.07664893741229535	0.9544555638653074	0.9471992344641722	0.030066485222894217	0.1346861717712819	0.9999999880905052	0.3712946430908116	0.005935340436599171	1.0	0.0	
15.333333333333343	0.24351061534095117	0.7110411613963866	0.05810936307623825	0.23036158926532796	0.969018410561044	0.01650373192669803	0.1450554149717067	0.5450553792178378	0.9581707760659793	1.0	0.051687670701757615	0.969018410561044	0.9434836839783856	0.08764308594980456	0.09311561814034947	0.9999999920603367	0.2560925605911549	0.00572818629895179	1.0	0.0	
15.666666666666677	0.42300884073402095	0.5398424277541858	0.04083221968564789	0.1579240009654454	0.9784861325582466	0.04708783569576451	0.09913432511506648	0.3875453134333041	0.971864248314334	1.0	0.03484074333087046	0.9784861325582466	0.9403525193741676	0.19496313115752445	0.07170453190284233	0.9999999947068912	0.17515956461880355	0.012592089008757388	1.0	0.0	
16.00000000000001	0.5860298584040032	0.382848577763127	0.03789893900942805	0.10784415392890362	0.9824139658613539	0.1499277012181608	0.06755879387074956	0.2693838771731995	0.9810734091105368	1.0	0.023484974793120464	0.9824139658613539	0.9379654309317	0.33373499073027624	0.08540348767947584	0.9999999964712608	0.11942818111683129	0.056712145800266386	1.0	0.0	
16.333333333333343	0.7110490135116221	0.2623067970203991	0.07510514959455536	0.07394809810118659	0.9622403410719539	0.32757238675642486	0.045959465776181346	0.18521080535157658	0.9872450706432214	1.0	0.015864876187682217	0.9622403410719539	0.9368958752414023	0.47629636088392235	0.1792967082700629	0.9999999976475072	0.08201764222109048	0.2048563109112685	1.0	0.0	
16.666666666666675	0.8008392044703335	0.177121805262904	0.2046882122608763	0.05266621408276469	0.8136562048380448	0.50903919714529	0.031231494624294857	0.12660685247899056	0.991187439554216	1.0	0.011052512270322338	0.8136562048380448	0.9394428808983694	0.6086484031213117	0.35353544771392936	0.9999999984316715	0.06137842330912516	0.40810658416657036	1.0	0.0	
17.000000000000007	0.8634068781647558	0.11894325887050888	0.39489389888981274	0.04208750671677394	0.5903427389744347	0.654699554871492	0.021220738825881193	0.08626420064989183	0.9918218394695248	1.0	0.01134984979225694	0.5903427389744347	0.94825778134144	0.7186214081425527	0.5306766419177487	0.9999999989544477	0.09532605982413903	0.5835834920854703	1.0	0.0	
17.33333333333334	0.9061693702273893	0.07970738171868835	0.5679816308717814	0.03559397324766586	0.4087016047307116	0.7612728598192311	0.014558441547038049	0.05866283583821311	0.9825408082579496	1.0	0.03279117425617304	0.4087016047307116	0.9597350966349394	0.7888928135297254	0.6713193948216396	0.9999999993029651	0.2841755420006621	0.7133389325338172	1.0	0.0	
17.66666666666667	0.9352404475174024	0.053357446047002405	0.6997401459830578	0.028949023571454725	0.27881068124257935	0.836352250442003	0.011070227783582565	0.03985352479185969	0.9404523543623974	1.0	0.12416078110285075	0.27881068124257935	0.9700112718813739	0.7120424797775209	0.7734612839193258	0.99999999953531	0.4926771783292483	0.8039036635871456	1.0	0.0	
18.000000000000004	0.9551388298843138	0.035687091606613736	0.7938258312008699	0.022519192030091527	0.18907275282525865	0.8883332170288292	0.016645111954725417	0.02711797395235494	0.8245292761532895	1.0	0.30168909115967674	0.18907275282525865	0.9778281202706515	0.5228773534776543	0.8450800366458594	0.9999999996902067	0.6512329921698362	0.8597198228337843	1.0	0.0	
18.333333333333336	0.9688540917204262	0.023850656138718743	0.8592887525656068	0.01713215084587909	0.1278500820108641	0.9240003288034304	0.06929424281159151	0.018946594963783772	0.6461835488902643	1.0	0.48960512848104915	0.1278500820108641	0.9828268433261791	0.36320194677983764	0.8945065647201881	0.9999999997934711	0.7627146489796697	0.8635045210150724	1.0	0.0	
18.666666666666668	0.9783387766312404	0.015930522488081543	0.9042878051643289	0.013581716265073545	0.08631786858834034	0.9483248058071906	0.20697109458090313	0.018490129093155328	0.47077395234208164	1.0	0.6413676966384474	0.08631786858834034	0.9848134128137271	0.24819850973205376	0.9283433791521214	0.999999999862314	0.83928753864101	0.7698490118696961	1.0	0.0	
19.0	0.9848702900258361	0.010636369573723575	0.9350246931295755	0.014443629055478925	0.05822606335464213	0.9645694884533647	0.3732077879349024	0.06823032665142123	0.3311075501326489	1.0	0.7523754507516811	0.05822606335464213	0.9838601494204825	0.16851586954009767	0.9514035820927701	0.9999999999082093	0.8913979661331993	0.6003091320777285	1.0	0.0	
19.333333333333332	0.9891751991871194	0.007102477237857232	0.9559437615442918	0.03102677865854188	0.03926069050497177	0.9706669236341887	0.5196950094636519	0.24837202191969765	0.22902052596124656	1.0	0.830472088873019	0.03926069050497177	0.9803854658994104	0.1140585640141781	0.9670769971581167	0.9999999999388062	0.9267047566611765	0.434290548015742	1.0	0.0	
19.666666666666664	0.9909394795737768	0.004755195825729335	0.9701470835077692	0.10000369168403057	0.02653389693773197	0.893221731196911	0.6343540465231315	0.4548509313393684	0.15707038978919913	1.0	0.8844650614740233	0.02653389693773197	0.9750995095585666	0.07706864860221349	0.9777114399949918	0.9999999999592041	0.9505700408909362	0.30403165633937224	1.0	0.0	
19.999999999999996	0.9827546045680827	0.0034125146688703933	0.9797615585461473	0.2548562508951308	0.01938252347547739	0.6682917471953316	0.7196275310340445	0.6187697938412015	0.10723158454127688	1.0	0.9214631373823137	0.01938252347547739	0.9688337120631961	0.05202292296131497	0.9849181207657914	0.9999999999728028	0.966679616400031	0.20968840572392022	1.0	0.0	
20.33333333333333	0.8957294377024417	0.005042973922711837	0.9861331142345946	0.44215382747356546	0.02650609553600023	0.46566700641079684	0.7814456840672164	0.7368706681173869	0.07316449595824401	1.0	0.9466060510303985	0.02650609553600023	0.9623456213730046	0.03509497982642047	0.9897873981574311	0.9999999999818685	0.9775448288006672	0.14354254565164365	1.0	0.0	
20.66666666666666	0.6772674418563744	0.021125871336513707	0.9887333329120838	0.603207553914598	0.08472482886156994	0.3182316077290367	0.8256115134189685	0.8192523839413791	0.05129077949973504	1.0	0.9628924328310869	0.08472482886156994	0.9561984158898811	0.02366603770511516	0.9929546660182186	0.9999999999879123	0.9848675421069103	0.09785997659140475	1.0	0.0	
20.999999999999993	0.4742934468390514	0.09568166288022598	0.974290230234877	0.724123046933984	0.23762862028009202	0.21593142399836385	0.8568064434272316	0.8759475204037299	0.050820939938455066	1.0	0.9670043441302019	0.23762862028009202	0.9507058849433124	0.015954983093595485	0.9941558864614116	0.9999999999919416	0.9897808261016702	0.06655516067484674	1.0	0.0	
21.333333333333325	0.32484667943706846	0.2651341222424439	0.8422055191273239	0.8096836871332986	0.42973185885038145	0.1460463434972522	0.878026348773566	0.9147078294823483	0.18641426083245757	1.0	0.8996251009144419	0.42973185885038145	0.9458869772323449	0.010754863872078264	0.9857961822145213	0.9999999999946277	0.992875117579499	0.04519689438990725	1.0	0.0	
21.666666666666657	0.22069602756383483	0.4587215837280415	0.5944103105470258	0.8639615849287655	0.5952758176772305	0.09862002564208244	0.8842079514341104	0.9410969136956455	0.41716526691977696	1.0	0.687599441440724	0.5952758176772305	0.9429530723205808	0.007251445710629448	0.8886686465578439	0.9999999999964185	0.9922339280031729	0.03066307274119979	1.0	0.0	
21.99999999999999	0.14952739742271404	0.6181770489015717	0.4025024078246068	0.8717376447216255	0.7192718055011245	0.06654109710693062	0.8414248431402492	0.9588355569823607	0.5998538485159087	1.0	0.48265815961023917	0.7192718055011245	0.9396044904227567	0.004921805849795987	0.6631480143969636	0.9999999999976124	0.9703972935590649	0.020789531707290376	1.0	0.0	
22.33333333333332	0.10188124806976515	0.7338623086973268	0.2702278567968811	0.7896732091795448	0.807362777440311	0.04488517995960903	0.7177485249526403	0.9695169237094151	0.7284490753102778	1.0	0.3307741383225793	0.807362777440311	0.9365766735239834	0.0036202901857788974	0.4623326933820494	0.9999999999984083	0.8733806380437199	0.014090677860793516	1.0	0.0	
22.666666666666654	0.0728752836141828	0.8097994590588592	0.1808875141469522	0.6244023019001061	0.86854556846684	0.03029901480781451	0.5502206240796463	0.9705630582033086	0.8165375120898115	1.0	0.22473728631550538	0.86854556846684	0.93423203818025	0.004258458204153615	0.3162053564684342	0.9999999999989388	0.6887370487656559	0.009561732448766774	1.0	0.0	
22.999999999999986	0.06784315834794373	0.8428248236228034	0.12093602111300258	0.4544778231023784	0.9105749223938153	0.020560838185115546	0.3968391112238929	0.945731948756416	0.8763126276822351	1.0	0.15210218528726407	0.9105749223938153	0.932556845183484	0.011187881635325315	0.2149307131051032	0.9999999999992926	0.4994809423796295	0.006573167187485374	1.0	0.0	
23.333333333333318	0.11824547994140526	0.8064517731609251	0.08088091624167384	0.31884512235856854	0.9392724516283859	0.014428206952308717	0.2780235988437683	0.8526223508637039	0.9167061013069958	1.0	0.10273677070593035	0.9392724516283859	0.9314242087598805	0.037306699931693735	0.14628437228814384	0.9999999999995284	0.3493366157983397	0.004937490147379229	1.0	0.0	
23.66666666666665	0.259383793981389	0.678958317708351	0.05449085349261977	0.2200326795005757	0.9587775311842274	0.012327037305877548	0.19205177121744132	0.6820983870033541	0.9439440231551071	1.0	0.06931508569391767	0.9587775311842274	0.9306994976268641	0.104669750043073	0.10177968579770086	0.9999999999996856	0.2405002844706	0.005640222283551544	1.0	0.0	
23.999999999999982	0.44130787316797393	0.5129821303901222	0.03899716370334796	0.15063610290462837	0.9719001247797968	0.020380884246765384	0.1316871002868588	0.50131675593857	0.9622888290514306	1.0	0.046735341414549506	0.9719001247797968	0.9302922916618704	0.2208031486278073	0.0803261806397359	0.9999999999997904	0.16435222518984866	0.015994018049398318	1.0	0.0	
24.333333333333314	0.6012240854231786	0.36568272298925975	0.039325785261190814	0.10280793612247394	0.9801674382881878	0.06447501927528416	0.08991992647911096	0.35377605440176607	0.9746344052360107	1.0	0.031500540675667266	0.9801674382881878	0.9302742024638051	0.3623472149459118	0.09999845936388328	0.9999999999998602	0.11206154582873146	0.07616942016178241	1.0	0.0	
24.666666666666647	0.7223336891742685	0.25285363787643717	0.08498490213138113	0.07058091810321476	0.9815639450943018	0.19059965219145525	0.06124661124857221	0.24504147255062414	0.9829340457893857	1.0	0.02123680372417812	0.9815639450943018	0.9313527277441588	0.5032913445888726	0.2036332077106235	0.9999999999999069	0.07722970866582671	0.24420153571992967	1.0	0.0	
24.99999999999998	0.8088499904742553	0.17179622440033915	0.22350409369975766	0.050587397096616665	0.9419736218382515	0.3759675902344689	0.04165125724221118	0.16816872144832787	0.9884785727437215	1.0	0.014376727028207418	0.9419736218382515	0.9361256240198502	0.6314930573993038	0.37804552279377324	0.9999999999999379	0.05978888384291781	0.44602560781246625	1.0	0.0	
25.33333333333331	0.8689678593371662	0.1157564562114323	0.4134230051573774	0.040446721320350654	0.7560841727543661	0.5500585832325602	0.02829872177764018	0.11484135791745032	0.9918191978743244	1.0	0.01036484537763176	0.7560841727543661	0.9466823181867098	0.7355427648490143	0.5496956187743312	0.9999999999999586	0.10734649043081479	0.6124775062491837	1.0	0.0	
25.666666666666643	0.9100244754316723	0.0777386723816133	0.5823120394751333	0.03374099872227891	0.5387438981245805	0.6853324346493422	0.019239031317416604	0.07820134827249473	0.9909016269633317	1.0	0.013538699129469008	0.5387438981245805	0.9590557083924841	0.79652316083561	0.684851765400819	0.9999999999999724	0.30599052687852657	0.733778482291988	1.0	0.0	
25.999999999999975	0.9379605674550052	0.052116670619885994	0.7099762808845876	0.02713705237946117	0.3710136753194092	0.783043636304049	0.013323580461378853	0.053161266349282865	0.9764551277590762	1.0	0.04695343280867137	0.3710136753194092	0.969827442251587	0.6978649738766272	0.7827959833451676	0.9999999999999816	0.5104471408072331	0.8178593716681053	1.0	0.0	
26.333333333333307	0.9570838641362631	0.034893535519954874	0.8009251236777832	0.02098154562908742	0.25259622556532074	0.8514896090279923	0.011023865850018064	0.03611507541827573	0.9191581321740314	1.0	0.1636333176921581	0.25259622556532074	0.9781143145823593	0.5075022213327596	0.8514370368904666	0.9999999999999877	0.6639201967436019	0.8678599617564674	1.0	0.0	
26.66666666666664	0.9702513476439691	0.023337621870096824	0.8641502252776679	0.015944207511860105	0.17113815918855996	0.8987442556569084	0.022865074302627915	0.024623147626366124	0.7823522121622003	1.0	0.35160032550027914	0.17113815918855996	0.9839050094132197	0.3516032885535144	0.8988094773244811	0.9999999999999918	0.7714692608192091	0.8634214018548559	1.0	0.0	
26.99999999999997	0.9793414166334441	0.015596322770424258	0.907596188498764	0.01280067024092065	0.11566706777384497	0.931115834710895	0.09748773258217158	0.017676874971306624	0.5990219831992627	1.0	0.5323872098166592	0.11566706777384497	0.9871495837002662	0.24003821702281097	0.9312465944185958	0.9999999999999946	0.845254446684791	0.7593483024222988	1.0	0.0	
27.333333333333304	0.9855828850053675	0.010417891230733684	0.9372686562804268	0.01443665175716647	0.07807133367590618	0.9531468357340892	0.24944390019711563	0.022460930757270715	0.4313409196044604	1.0	0.6733362640368702	0.07807133367590618	0.9877113453136217	0.16289927190609244	0.9533588085660889	0.9999999999999963	0.8954423532060795	0.5865535863162938	1.0	0.0	
27.666666666666636	0.9896506656116786	0.0069606482182368225	0.9574628096790047	0.033507598066821506	0.05265537452058042	0.9675299536094394	0.413390103252062	0.10310388633665452	0.3017212741037928	1.0	0.7750666935463058	0.05265537452058042	0.9856520585284497	0.11022791242465851	0.9683922821832324	0.9999999999999976	0.9294382161423074	0.4225245372317611	1.0	0.0	
27.999999999999968	0.9910632755485239	0.00466459463655693	0.9711737638582112	0.10904651813705005	0.035506109813470146	0.966471816455861	0.5520151751630016	0.3031387769903376	0.20813082017984286	1.0	0.8462263722997381	0.035506109813470146	0.9813591331235478	0.07446782633093904	0.9785955063127142	0.9999999999999983	0.9524145107379361	0.2952277655846982	1.0	0.0	
28.3333333333333	0.9807840596952752	0.0031862968681913477	0.9804522060313374	0.2695883609532519	0.024087760645837994	0.8400454747774984	0.6586943630715132	0.5012699673181706	0.1425370141850466	1.0	0.8952856664002733	0.024087760645837994	0.9755059891614745	0.05026148340742874	0.9855119206833521	0.9999999999999989	0.9679230158675634	0.20342274863896787	1.0	0.0	
28.666666666666632	0.8812901063863399	0.003124188147097056	0.9865790821799624	0.45635770388235797	0.019141275168524256	0.6109366774612586	0.7373904601587002	0.6528477598986997	0.09723933489500888	1.0	0.9288466857272663	0.019141275168524256	0.9688787217822702	0.03390377926189366	0.9901940366338681	0.9999999999999992	0.978382498586187	0.1391800459911916	1.0	0.0	
28.999999999999964	0.6595101208452239	0.009856390432346113	0.9888383204981087	0.6143323808172184	0.03418974279481482	0.42265576079212264	0.7941882196285862	0.7608117689277185	0.06647696386019579	1.0	0.9515435462133046	0.03418974279481482	0.9621769731729252	0.022861208223203568	0.993318397219114	0.9999999999999994	0.9854314219250736	0.09485544789806977	1.0	0.0	
29.333333333333297	0.4605334405292002	0.047837240578199464	0.9753263950080971	0.7321797200600126	0.11531394823105108	0.28813842060144834	0.8346502606216453	0.8357826630801435	0.04789960817369912	1.0	0.9656040237005746	0.11531394823105108	0.9558068000250823	0.015411529836975177	0.9950621326374455	0.9999999999999997	0.9901580065575151	0.06449815087207433	1.0	0.0	
29.66666666666663	0.31511775122025043	0.17108638780425164	0.8759847082063809	0.8153895023582151	0.28699610848958396	0.19530942826789682	0.8631122365827827	0.8872682677641129	0.06371140973418173	1.0	0.962239803781212	0.28699610848958396	0.9491361640281832	0.010388087191970652	0.9933901697772433	0.9999999999999998	0.993140105836916	0.04379348283812608	1.0	0.0	
29.99999999999996	0.21399582126605332	0.3619073310930895	0.6381063853160829	0.8698020707487668	0.4761377622169872	0.13203192504457412	0.8817390622739634	0.922426275906075	0.24813141631035884	1.0	0.8526983693931681	0.4761377622169872	0.9366247682108287	0.00700393510311814	0.9602723303230737	0.9999999999999999	0.9933355844645122	0.029707639060613092	1.0	0.0	
30.333333333333293	0.14490911502148518	0.5410913944854784	0.4346145128945219	0.8858109355483005	0.6310834617738688	0.08913407603496354	0.8796040208904221	0.9463308955709273	0.4706920300017863	1.0	0.630338799184334	0.6310834617738688	0.9213979308659949	0.004745115833118927	0.7804835652962248	0.9999999999999999	0.9782819659719422	0.020139973040929585	1.0	0.0	
30.666666666666625	0.09846491308749011	0.6779662393801035	0.29225107273016293	0.822812216360971	0.7450104578473854	0.06013436350968264	0.8172141735693803	0.9622167653194881	0.638147977377027	1.0	0.4384913683936106	0.7450104578473854	0.9138862277980975	0.0034130097767280524	0.5575542385199169	0.9999999999999999	0.9007827052122785	0.013648995558321938	1.0	0.0	
30.999999999999957	0.0692942816325235	0.77160611896817	0.19575392782401135	0.6660994963860856	0.8253347879452879	0.04056583631537192	0.6759004661115844	0.9709605979727662	0.7548046242353279	1.0	0.29960387397677035	0.8253347879452879	0.9120378126904939	0.0036420217336431914	0.38427544878762054	0.9999999999999999	0.7276565885536409	0.009257369681022361	1.0	0.0	
31.33333333333329	0.06002054014733924	0.8211811516536582	0.13091059320004927	0.4903125839111616	0.8809251626309409	0.027400063903569437	0.5078854421264708	0.967858003493715	0.8344543630163233	1.0	0.2032994845199922	0.8809251626309409	0.9131090977602354	0.008918122648459452	0.2619883258577896	0.9999999999999999	0.5338996913051155	0.00634056784526291	1.0	0.0	
31.66666666666662	0.09545687872069185	0.8065744878416553	0.08753768323393368	0.3456116064115998	0.9190413998991894	0.018664761536393383	0.3627819050177181	0.9302319949385958	0.888429924418343	1.0	0.13750546204728648	0.9190413998991894	0.915393574256163	0.03034942388994115	0.17836724239527119	0.9999999999999999	0.37525157783948926	0.004660821521286034	1.0	0.0	
31.999999999999954	0.21876200495199427	0.700044761231744	0.058818583263109944	0.23900396435847893	0.9450363921367105	0.013418294775724676	0.2529952466130984	0.8139620389019625	0.9248801399214389	1.0	0.09284495028520329	0.9450363921367105	0.9179819960396989	0.08953982837277433	0.12316346034750433	0.9999999999999999	0.2589220093487574	0.00489980625220023	1.0	0.0	
32.333333333333286	0.3996904539811571	0.540017735171185	0.041186267094505756	0.16377915742265303	0.9626779909397469	0.012915656131017684	0.17435221587546923	0.6338065368564583	0.9494502688569576	1.0	0.06262849986601542	0.9626779909397469	0.9204549752474696	0.19882454027242602	0.09263480268043889	0.9999999999999999	0.17712942312061736	0.012386692059399029	1.0	0.0	
32.66666666666662	0.5679077501653059	0.389756649913257	0.037282043686127295	0.11177949161631853	0.974467469201185	0.026485445370106164	0.11939578455135605	0.459474712468504	0.9659948169676472	1.0	0.0422220977762783	0.974467469201185	0.9227539137976757	0.3385950385188957	0.09930504829484793	0.9999999999999999	0.12077317698697976	0.05893773234611649	1.0	0.0	
32.99999999999996	0.6980106353468746	0.2722392146283829	0.06973897822874534	0.0765162736464658	0.9814681736036316	0.08795528927801072	0.08146481456105213	0.3222387589292307	0.9771268627307322	1.0	0.02845784383687843	0.9814681736036316	0.9254237658587446	0.48080820410668823	0.18296512796661502	0.9999999999999999	0.08286193012302025	0.21093716711641286	1.0	0.0	
33.33333333333329	0.7917585641139135	0.18656455232996833	0.18825320415893054	0.053991038280969836	0.9788156866668674	0.23592025181272985	0.05546142212650851	0.2225312254446754	0.9846063356916183	1.0	0.019191955040185445	0.9788156866668674	0.9306970676711322	0.611582806273867	0.3469830587229309	0.9999999999999999	0.061162206903060415	0.41427591555953835	1.0	0.0	
33.66666666666663	0.8572088671362748	0.12635014838519645	0.3740752340319278	0.04198241629301523	0.908862650579512	0.4238435144130147	0.03770577530247021	0.1524812520677113	0.9895708604936285	1.0	0.013048243534099117	0.908862650579512	0.9414485344695909	0.7203126305403847	0.5212242644319506	0.9999999999999999	0.08516068056188544	0.5881978009745935	1.0	0.0	
33.999999999999964	0.9020469448398699	0.08509710728657963	0.550047147563531	0.034816492862813714	0.6976315824164873	0.5888447540282952	0.025615206616945253	0.10403656664644512	0.9921916981930418	1.0	0.010067708667363885	0.6976315824164873	0.9547003511847327	0.7930878251347493	0.6628998311434876	0.9999999999999999	0.2603990903221579	0.716539546786092	1.0	0.0	
34.3333333333333	0.9325556735555237	0.05715809261415761	0.6862285407946134	0.02814263657125051	0.4906131989729444	0.7138060034058226	0.01743862990702811	0.07080669300134153	0.9891983462762627	1.0	0.017444977781797277	0.4906131989729444	0.966551873294859	0.7364931391325292	0.7669446192729795	0.9999999999999999	0.47224181123209485	0.8062206707699537	1.0	0.0	
34.666666666666636	0.9534080436886637	0.038320272575118886	0.7841587478839428	0.02186515019454219	0.33648850617694803	0.803132915787542	0.012283212917742408	0.048120333545895774	0.9676961856246186	1.0	0.0669437861336564	0.33648850617694803	0.9758380763396894	0.5470996865969552	0.8403092212241698	0.9999999999999999	0.6363951663860371	0.8630024080055081	1.0	0.0	
34.99999999999997	0.967743328277461	0.025654248966558532	0.8525300164448517	0.016605342375814364	0.22871398778354918	0.8654090007489857	0.011662947739914338	0.03269601090584234	0.8920991695551935	1.0	0.20830514155707375	0.22871398778354918	0.982617372369115	0.381113328739594	0.8911045529898708	0.9999999999999999	0.7523943425351322	0.8731605505972266	1.0	0.0	
35.33333333333331	0.9776299914900581	0.01715639410740786	0.8996173370217423	0.013001811666350394	0.15483461351649946	0.9082995622034957	0.03325376258331242	0.022378780223181353	0.7369011532288678	1.0	0.40080179757128875	0.15483461351649946	0.9870863381200431	0.26068162240897513	0.9259513285899564	0.9999999999999999	0.8322186937322742	0.7916466941184146	1.0	0.0	
35.66666666666664	0.9844306168998755	0.011465471387859746	0.9318183123259782	0.013119433446043511	0.104603074411002	0.9376372047578354	0.13140275402713575	0.016936227007736792	0.5530292993977368	1.0	0.5725230032052373	0.104603074411002	0.9891766690830586	0.17705689989803036	0.949735467788206	0.9999999999999999	0.8865891516090563	0.6256483754189838	1.0	0.0	
35.99999999999998	0.9889577305777668	0.00766244727701643	0.9537513205344063	0.026248824449830566	0.07058600883120791	0.9575393501956999	0.2925462640320505	0.03076519797223872	0.3944011009643221	1.0	0.7027966192937687	0.07058600883120791	0.9887466912904309	0.11985829879066429	0.9659197312303307	0.9999999999999999	0.9234448059021829	0.45541244571442685	1.0	0.0	
36.333333333333314	0.9911450644114118	0.005133357466223971	0.9686524494450097	0.08497129182775245	0.047600527963697487	0.9698688289723172	0.4518756355993302	0.14792723047989542	0.2746307678311533	1.0	0.7958245579688947	0.047600527963697487	0.9858774253918301	0.08099238426374067	0.9769112895947453	0.9999999999999999	0.9483643836439956	0.31965795773394734	1.0	0.0	
36.66666666666665	0.9857966642710108	0.00347669248748601	0.9787485127544254	0.22950687716604973	0.03210450502238439	0.9546528951028836	0.5822895734192618	0.35748306441867805	0.18900837234101042	1.0	0.8605887352198431	0.03210450502238439	0.980982267416392	0.05467213720919559	0.984366152554619	0.9999999999999999	0.9651890025538095	0.22073281149421597	1.0	0.0	
36.999999999999986	0.918523046818875	0.0025208814468235382	0.9854943230985447	0.4170939004171794	0.021988464915150545	0.7806954323326637	0.6812637839437029	0.5447707201040048	0.12927954585808393	1.0	0.9051322103486714	0.021988464915150545	0.9747431549210374	0.036881569241267044	0.9894163555679087	0.9999999999999999	0.9765382049422546	0.1511940339483312	1.0	0.0	
37.33333333333332	0.7086771928750095	0.004055029444895168	0.98897715926144	0.5834092241152049	0.020022209491911337	0.5566301312897513	0.7537736336119029	0.6842692328599516	0.08815382722099074	1.0	0.9355513504935918	0.020022209491911337	0.9679201980333303	0.024870026048821874	0.9928284309447795	0.9999999999999999	0.984188651656522	0.10310877837791654	1.0	0.0	
37.66666666666666	0.4990989677120071	0.018044082706823682	0.9820321929432428	0.7097668465403721	0.04628116061334603	0.3830394807299423	0.8059038137128738	0.7827532111481114	0.06051572981069786	1.0	0.9559577759346531	0.04628116061334603	0.9611111089955142	0.01676598966380499	0.9950301088327167	0.9999999999999999	0.9893311588534887	0.07013649827017363	1.0	0.0	
37.99999999999999	0.34246043153998407	0.08233362625739792	0.9246534408401224	0.7998773177307804	0.1530581792942769	0.26062686763774784	0.8429371805290357	0.8508905278915512	0.046005021642511704	1.0	0.9674742393647611	0.1530581792942769	0.9541699257627362	0.011300922247154566	0.9957338631623422	0.9999999999999999	0.9926744446577201	0.04763287008844942	1.0	0.0	
38.33333333333333	0.23282732161736314	0.23947871297567686	0.7282170880767942	0.8609667414366998	0.3375367520415459	0.17650917923898884	0.8688280774817418	0.8975998791002053	0.09083084047439308	1.0	0.9510319682957132	0.3375367520415459	0.943305362483195	0.007617974177803417	0.9893059250289975	0.9999999999999999	0.994043480571634	0.03231680719179284	1.0	0.0	
38.666666666666664	0.15769491815871892	0.4324211324533014	0.5048458525520239	0.8919476445998494	0.5203258734559587	0.11927191443687721	0.8843543594400142	0.9294631641894714	0.3082539667819587	1.0	0.796707098516739	0.5203258734559587	0.9146133521319837	0.005146618237448691	0.9130026640638144	0.9999999999999999	0.9876644218249344	0.021910784544206828	1.0	0.0	
39.0	0.10685110425109651	0.596269715678801	0.3408722567032356	0.8645583511794188	0.6643289545608625	0.08050299079492584	0.8707961508351671	0.9510831087200656	0.5187900815556865	1.0	0.5749839543770469	0.6643289545608625	0.8943247423447648	0.0035726151594199966	0.6947931235520834	0.9999999999999999	0.9422728200622802	0.014849215711291972	1.0	0.0	
39.333333333333336	0.07361503261947999	0.7153488192791834	0.22865632039525896	0.7375969657350058	0.7686719213977755	0.05430745473654504	0.7866674262433921	0.9651687067665327	0.6720986346526672	1.0	0.39734375793887844	0.7686719213977755	0.8891377207709215	0.0031070893684596976	0.4872638099076192	0.9999999999999999	0.8019676816691105	0.010065142308447173	1.0	0.0	
39.66666666666667	0.056816806496675615	0.7894638422956692	0.1530105336209433	0.5589073169477914	0.8417828804196285	0.03663996929472961	0.631707973768332	0.9716907235812868	0.7780886964307401	1.0	0.27084931092943276	0.8417828804196285	0.8917689369920618	0.005802193721346211	0.3341378556503073	0.9999999999999999	0.6060027541678997	0.0068535771748564085	1.0	0.0	
40.00000000000001	0.07022354724388062	0.8080912062725366	0.10230964761350306	0.3989105361444373	0.8922294037761419	0.024773078329230744	0.46667403645403494	0.9629519399950013	0.8502646617973043	1.0	0.18359531534368662	0.8922294037761419	0.8973763291166534	0.0192833932264804	0.2277222607673644	0.9999999999999999	0.43126670827258096	0.004843508547010029	1.0	0.0	
40.33333333333334	0.15642256960496487	0.7409560703196343	0.06854178429204598	0.27740823163051836	0.9267622982569355	0.016981300344397324	0.33067027232390855	0.9087619608662738	0.8991182437218863	1.0	0.12411184579811921	0.9267622982569355	0.903554408082469	0.062117297182984595	0.15600775042376475	0.9999999999999999	0.2992166604188032	0.004258821939558712	1.0	0.0	
40.66666666666668	0.324504988265113	0.596327074905002	0.04680401122609565	0.19060943745359898	0.9502866941098165	0.012691731871780458	0.2297053433148884	0.7699726079411605	0.9320895723212808	1.0	0.08377670929281608	0.9502866941098165	0.9092584766728034	0.15413027047658148	0.11153198382617405	0.9999999999999999	0.20523310827947644	0.007754673438700932	1.0	0.0	
41.000000000000014	0.5039286319349984	0.44008156779965146	0.036622230474515245	0.13021478316677843	0.9662191835198457	0.014348287076190671	0.15798121299273638	0.5854753662356192	0.954306989356784	1.0	0.056501993660364624	0.9662191835198457	0.9141776520291773	0.2868387399992052	0.09841212235296808	0.9999999999999999	0.14003755489180125	0.03289128360536313	1.0	0.0	
41.33333333333335	0.6501862062816098	0.31121936813156115	0.050398857112362805	0.08890316115582039	0.9767466322851812	0.0357808583046219	0.10806193149895754	0.4196507118414672	0.9692639822923766	1.0	0.038088490885233174	0.9767466322851812	0.9185960507091468	0.43073745577656086	0.14697199454009513	0.9999999999999999	0.09564940353489595	0.14390636852436872	1.0	0.0	
41.666666666666686	0.7577880988846175	0.21531650953088094	0.1317554837857221	0.06161220403646235	0.9822765697134072	0.11841711691309792	0.07368159933371739	0.29278972569480777	0.9793254364705991	1.0	0.02567247852956274	0.9822765697134072	0.9240395434202213	0.5666706485377817	0.2859022727858375	0.9999999999999999	0.06734542594567687	0.3420697107289685	1.0	0.0	
42.00000000000002	0.8336726018585956	0.14687252080739005	0.3011467745482115	0.04579446150913197	0.972529212615957	0.2846280614485466	0.0501413698147124	0.2016804765319155	0.986078638509864	1.0	0.017324926793885788	0.972529212615957	0.9339107168548876	0.6845770144938192	0.46234636672018187	0.9999999999999999	0.0644836454759122	0.5309595602180445	1.0	0.0	
42.33333333333336	0.8859980763478363	0.09932090538959884	0.48693340779820005	0.03741468274172225	0.8618007240285175	0.4706110952747532	0.03408000992508262	0.1380060733847151	0.9904996443723656	1.0	0.011885249924430023	0.8618007240285175	0.9477236838083601	0.7731341403368596	0.6167069174667126	0.9999999999999999	0.17866961479489746	0.675383158137854	1.0	0.0	
42.66666666666669	0.9216410213412788	0.06687854329239995	0.6388971877882406	0.030590437904256185	0.639094579060935	0.6254180637030804	0.023152176327950073	0.09408691374223466	0.9921883296057855	1.0	0.010377767256764496	0.639094579060935	0.9609987121979228	0.7872354593890392	0.733411482253421	0.9999999999999999	0.39552924766186903	0.7778603217000079	1.0	0.0	
43.00000000000003	0.9459498674530276	0.04491466648011112	0.7505047565505885	0.024056955805700074	0.4451681700065142	0.740289006012853	0.015808497362253243	0.06400522995626402	0.9863080734898285	1.0	0.024058554155814784	0.4451681700065142	0.9717327397912904	0.621632190979517	0.8167442099179139	0.9999999999999999	0.5798525633180875	0.84684400289088	1.0	0.0	
43.333333333333364	0.9626249143880621	0.03010617003225729	0.8291382211846773	0.018349349932089903	0.30434753579979856	0.8217053934331139	0.011485242762684651	0.043488266479295934	0.9551058982251363	1.0	0.09436505236430745	0.30434753579979856	0.9797741054458928	0.43957025858451404	0.8747970430251479	0.9999999999999999	0.7129532260183705	0.8782086613514877	1.0	0.0	
43.6666666666667	0.9741115979792239	0.02015139525384741	0.8835366698010987	0.01402054012070287	0.2065882115091625	0.8782391176537105	0.013494900158184041	0.029563843821089425	0.8583974315834593	1.0	0.257473802626025	0.2065882115091625	0.9854565072531302	0.30211897132091764	0.914757087899845	0.9999999999999999	0.8052009110477141	0.8371310710275275	1.0	0.0	
44.000000000000036	0.9820270943905901	0.013474886967359094	0.9208290084772586	0.012235730264274831	0.13976199185529536	0.9170923801202446	0.049608260448737625	0.020393184835189124	0.6886111626873811	1.0	0.44933171542546224	0.13976199185529536	0.988959983132942	0.20561779386451073	0.9420867187535726	0.9999999999999999	0.8682226611483735	0.6947056060854777	1.0	0.0	
44.33333333333337	0.9874049168565708	0.009006862620365378	0.9462674261310772	0.0182332449892166	0.09438552536580272	0.9436281556310544	0.17050756338341436	0.01709286729684796	0.5079882585918027	1.0	0.610623046102613	0.09438552536580272	0.9901574089212247	0.13933311219188982	0.9607083276771863	0.9999999999999999	0.9110066279841735	0.518150475798081	1.0	0.0	
44.66666666666671	0.990638762309685	0.006028025409669268	0.9635679414706949	0.05333091670672397	0.06367773234912909	0.9615238613391388	0.33617317551401393	0.046435198883253606	0.35936650403582904	1.0	0.7303666343644158	0.06367773234912909	0.9889181433998796	0.09420469726554317	0.9733671104945147	0.9999999999999999	0.9399584515637753	0.36754859416954844	1.0	0.0	
45.00000000000004	0.9898679114990634	0.004063737274133594	0.9753060721526016	0.16395012218942828	0.04293787596781675	0.9711699212275635	0.4891178707799405	0.200315975667195	0.24927108554935062	1.0	0.8151323357907786	0.04293787596781675	0.9853718774650498	0.06361168902630361	0.981959025027138	0.9999999999999999	0.9595150192157914	0.25504535275833135	1.0	0.0	
45.33333333333338	0.9612818265615063	0.00280361010155549	0.9832221407112458	0.34454092611611864	0.02897862658359119	0.9291679452000691	0.611061011733877	0.4109171260147313	0.17121355062559196	1.0	0.8739082135303492	0.02897862658359119	0.9799844956869914	0.042920757140168936	0.9877834180030968	0.9999999999999999	0.972711182963921	0.17513390635152845	1.0	0.0	
45.666666666666714	0.796974055113678	0.0023334635461614043	0.9881716285355124	0.5235727711305231	0.020312574584755314	0.7201425269218462	0.7025295324724505	0.5858702895555734	0.11698065476701591	1.0	0.9142484906417573	0.020312574584755314	0.9734589669889717	0.028946000212559338	0.9917264933127559	0.9999999999999999	0.9816092867956236	0.11960103129840696	1.0	0.0	
46.00000000000005	0.5740570527523806	0.00611815921993397	0.9871888857483874	0.6655788304662071	0.022479812247499887	0.5062285435531049	0.7691390590027941	0.713597268845272	0.07976561430270354	1.0	0.9417373787150738	0.022479812247499887	0.9665181629992028	0.01951530703789165	0.9943773110638285	0.9999999999999999	0.987601898070215	0.08142193307723689	1.0	0.0	
46.333333333333385	0.39658663948952144	0.030437210799781164	0.9601787956191415	0.7688110862467497	0.06395747787122974	0.3469147682997218	0.8168596340654414	0.8031352709601813	0.05520133553099073	1.0	0.9599223990342738	0.06395747787122974	0.9595043615503506	0.013154568936332208	0.9959613196171953	0.9999999999999999	0.9915850940776685	0.055325683022923955	1.0	0.0	
46.66666666666672	0.27033743761595974	0.12386155023483822	0.8355463232231771	0.8405198525376733	0.19655407118146737	0.2356647347595685	0.8506614966222401	0.8648933663913131	0.046570649723019206	1.0	0.9681337713686745	0.19655407118146737	0.9509581367943756	0.008866553640123311	0.9955083258556305	0.9999999999999999	0.9938848774140026	0.03754845442901759	1.0	0.0	
47.00000000000006	0.1832930122592326	0.30226045007545066	0.6077560776948393	0.8854963703326572	0.3875577577032977	0.1594819723304636	0.8740446977365125	0.9071643602702555	0.13590829930294307	1.0	0.9294739006285562	0.3875577577032977	0.9303540290299618	0.005980921205850842	0.979822392087563	0.9999999999999999	0.9926985384396572	0.025463371594763584	1.0	0.0	
47.33333333333339	0.12406138510413614	0.48953936034666734	0.4144710918321911	0.8917614703990532	0.5617252698508738	0.10772385264288267	0.885366242628319	0.9359707495298021	0.3670386489850721	1.0	0.7381750456587731	0.5617252698508738	0.8888592066391243	0.0040707962825071485	0.8497935320786274	0.9999999999999999	0.9731566738083413	0.01725894444841155	1.0	0.0	
47.66666666666673	0.08443284514081253	0.6384681434662911	0.2788346859196906	0.8151013359389765	0.6948744467901911	0.07269404120440807	0.857396580109834	0.955444803644449	0.563258666226552	1.0	0.5237498955606096	0.6948744467901911	0.8704714968135647	0.0030316764353228868	0.622306302816116	0.9999999999999999	0.8839388534698799	0.011695569011019195	1.0	0.0	
48.000000000000064	0.060216501781882384	0.7412056531032838	0.18680818299795882	0.6502639070026811	0.790240601020256	0.04903648305644093	0.7514027536168801	0.9677223565397536	0.7031313247371989	1.0	0.360141356826026	0.790240601020256	0.8702839704153704	0.003744532678532743	0.43209639960549806	0.9999999999999999	0.7037330899064917	0.007936951862101395	1.0	0.0	
48.3333333333334	0.05582818943465189	0.7942918580374124	0.12495138429043354	0.47514856189991495	0.8567214844679202	0.03309089008219019	0.5876720904764794	0.9715854236131845	0.7992935914258309	1.0	0.24502372093722896	0.8567214844679202	0.8777002323427897	0.010489492269105536	0.2955754446896909	0.9999999999999999	0.5127233926344995	0.00546520450633106	1.0	0.0	
48.666666666666735	0.09956542840245117	0.7761956469565148	0.08359018613262657	0.33382264031623576	0.9024768206504111	0.02240842770179874	0.4281230175621008	0.955293452440176	0.8646406083612946	1.0	0.165942022208743	0.9024768206504111	0.8871701396773642	0.036280866487346956	0.20180438822995894	0.9999999999999999	0.35931710713193143	0.004160922356248836	1.0	0.0	
49.00000000000007	0.232578841707537	0.666131206350406	0.056301528030196876	0.23048352382555626	0.9337534170115678	0.01551496721758203	0.30136600166751293	0.8813011478537617	0.9088291159137516	1.0	0.11212538530492241	0.9337534170115678	0.8962746661236772	0.10372997103640441	0.14011444662791048	0.9999999999999999	0.24760703351602276	0.005036527913776982	1.0	0.0	
49.33333333333341	0.4156270227094293	0.510378532787022	0.04005387056049299	0.1578103350516304	0.9550348143341344	0.012306908941207834	0.20867180148490344	0.7234260183667304	0.9386366876367992	1.0	0.07566545364279895	0.9550348143341344	0.9041465303314091	0.2205854100079626	0.10723048385119459	0.9999999999999999	0.1692936015722828	0.015379191995540243	1.0	0.0	
49.66666666666674	0.581157144035122	0.36766920370383915	0.03905466187215487	0.10768262413765345	0.9694061014917401	0.016905305310351622	0.14326802646576253	0.5393188767242948	0.9587162398960493	1.0	0.05102346076272887	0.9694061014917401	0.9107499760366347	0.36288779157272566	0.11889228861137571	0.9999999999999999	0.11544835337032885	0.07560134958395835	1.0	0.0	
50.00000000000008	0.707838783924918	0.25713452857485514	0.08046704325879842	0.0738155577638547	0.9787204783987175	0.04902624849032466	0.097901211174927	0.383063185229481	0.9722312456615034	1.0	0.034392697402144456	0.9787204783987175	0.9169331674834785	0.504089604796123	0.21449132593582687	0.9999999999999999	0.07946396054323576	0.24430208728516178	1.0	0.0	
50.333333333333414	0.7987187047871741	0.17689699291688582	0.21172926573269596	0.05248205216565116	0.9823757783202235	0.15486875460324231	0.06671362584071405	0.26613746701044355	0.9813200132339482	1.0	0.02318328595222728	0.9823757783202235	0.9254583132187948	0.6319193914900612	0.3815686445521901	0.9999999999999999	0.06051749196361525	0.44640434064979306	1.0	0.0	
50.66666666666675	0.8620130305840199	0.12032798715866064	0.3992139840838725	0.04118232513433956	0.9602248770568468	0.33381246757079835	0.045382430514708194	0.18293305968901313	0.9874091629974382	1.0	0.015664226753535904	0.9602248770568468	0.9388190992840554	0.735767628064543	0.5494812525711323	0.9999999999999999	0.09944881162335259	0.6127914853557769	1.0	0.0	
51.000000000000085	0.9053221467208843	0.0813034678400584	0.5701020962747149	0.033920836798730196	0.8063614667279726	0.5144501236885051	0.030838564022142717	0.1250326159547116	0.9912787122117813	1.0	0.010947345106563571	0.8063614667279726	0.9534407300303812	0.7996899980223684	0.6834744035964083	0.9999999999999999	0.2902575543166346	0.7340024669155452	1.0	0.0	
51.33333333333342	0.9348113162156431	0.054727380964077546	0.7007320263913218	0.027148394417721988	0.5834902681092796	0.658774671820231	0.020954713691237865	0.08518472554021556	0.9917368912104496	1.0	0.011558540058102142	0.5834902681092796	0.9659460800065254	0.7146511183577487	0.7813042064529048	0.9999999999999999	0.4972325137813044	0.8181402537925152	1.0	0.0	
51.66666666666676	0.9549835516480003	0.03674273906296932	0.7942758175026242	0.020949837298257706	0.4036496799627408	0.76417924623515	0.014389216467313538	0.05792598024245335	0.981877692326932	1.0	0.03433611446022829	0.4036496799627408	0.9755763148091199	0.5231756187559752	0.8501578342887435	0.9999999999999999	0.654354207138	0.8694117841814654	1.0	0.0	
